{
"lowlevel": {
    "average_loudness": 0.960883438587,
    "barkbands_crest": {
        "dmean": 2.23396778107,
        "dmean2": 3.43315267563,
        "dvar": 7.57869434357,
        "dvar2": 20.0733203888,
        "max": 25.9114608765,
        "mean": 10.4031705856,
        "median": 9.38027954102,
        "min": 2.28456354141,
        "var": 21.1815185547
    },
    "barkbands_flatness_db": {
        "dmean": 0.0255975928158,
        "dmean2": 0.0385062284768,
        "dvar": 0.00114040321205,
        "dvar2": 0.00280111120082,
        "max": 0.775565445423,
        "mean": 0.126452282071,
        "median": 0.112707450986,
        "min": 0.0179682858288,
        "var": 0.00425882311538
    },
    "barkbands_kurtosis": {
        "dmean": 2.87588047981,
        "dmean2": 4.4733247757,
        "dvar": 208.946899414,
        "dvar2": 497.817108154,
        "max": 732.421691895,
        "mean": 4.3841509819,
        "median": 1.68237829208,
        "min": -1.69970011711,
        "var": 294.66595459
    },
    "barkbands_skewness": {
        "dmean": 0.45536839962,
        "dmean2": 0.686106860638,
        "dvar": 0.447173953056,
        "dvar2": 1.02082252502,
        "max": 21.7929496765,
        "mean": 1.62125909328,
        "median": 1.43695318699,
        "min": -2.9443666935,
        "var": 1.60219228268
    },
    "barkbands_spread": {
        "dmean": 5.9222407341,
        "dmean2": 8.9431219101,
        "dvar": 55.2403030396,
        "dvar2": 119.960731506,
        "max": 93.801651001,
        "mean": 23.7001399994,
        "median": 21.8765850067,
        "min": 0.0732813477516,
        "var": 130.745697021
    },
    "dissonance": {
        "dmean": 0.0170917958021,
        "dmean2": 0.0279980581254,
        "dvar": 0.00056996231433,
        "dvar2": 0.00165378861129,
        "max": 0.500000119209,
        "mean": 0.462794601917,
        "median": 0.470218598843,
        "min": 0.0476874001324,
        "var": 0.0012932785321
    },
    "dynamic_complexity": 2.55913591385,
    "erbbands_crest": {
        "dmean": 2.10436844826,
        "dmean2": 3.24283218384,
        "dvar": 5.13048696518,
        "dvar2": 10.6113061905,
        "max": 34.585647583,
        "mean": 8.16810512543,
        "median": 6.96848630905,
        "min": 1.94771564007,
        "var": 18.8700351715
    },
    "erbbands_flatness_db": {
        "dmean": 0.0194102600217,
        "dmean2": 0.0273097734898,
        "dvar": 0.000669810862746,
        "dvar2": 0.00128430197947,
        "max": 0.721301496029,
        "mean": 0.142682299018,
        "median": 0.125318795443,
        "min": 0.022592432797,
        "var": 0.00401185685769
    },
    "erbbands_kurtosis": {
        "dmean": 0.720741510391,
        "dmean2": 1.11270034313,
        "dvar": 27.7042484283,
        "dvar2": 71.0120010376,
        "max": 395.899902344,
        "mean": 0.212534233928,
        "median": -0.276947021484,
        "min": -1.7526396513,
        "var": 27.4379940033
    },
    "erbbands_skewness": {
        "dmean": 0.279680103064,
        "dmean2": 0.41901537776,
        "dvar": 0.113916747272,
        "dvar2": 0.244595199823,
        "max": 10.9598274231,
        "mean": 0.297315508127,
        "median": 0.278545498848,
        "min": -2.52448153496,
        "var": 0.448035210371
    },
    "erbbands_spread": {
        "dmean": 6.62385511398,
        "dmean2": 9.94561767578,
        "dvar": 49.6310539246,
        "dvar2": 106.333282471,
        "max": 125.370162964,
        "mean": 39.9536857605,
        "median": 39.4802246094,
        "min": 0.150473147631,
        "var": 234.391235352
    },
    "hfc": {
        "dmean": 10.1351652145,
        "dmean2": 15.7208099365,
        "dvar": 234.412460327,
        "dvar2": 577.755065918,
        "max": 159.045013428,
        "mean": 28.6628398895,
        "median": 24.9337921143,
        "min": 1.20324616813e-16,
        "var": 415.804412842
    },
    "melbands_crest": {
        "dmean": 2.45720410347,
        "dmean2": 3.72430896759,
        "dvar": 8.09425354004,
        "dvar2": 19.1996421814,
        "max": 39.7177658081,
        "mean": 15.0976638794,
        "median": 13.7859115601,
        "min": 2.19449949265,
        "var": 37.7887954712
    },
    "melbands_flatness_db": {
        "dmean": 0.0281658694148,
        "dmean2": 0.0418000668287,
        "dvar": 0.00124647922348,
        "dvar2": 0.0030252635479,
        "max": 0.879785656929,
        "mean": 0.192131102085,
        "median": 0.184202581644,
        "min": 0.0100397048518,
        "var": 0.00433520087972
    },
    "melbands_kurtosis": {
        "dmean": 13.8619613647,
        "dmean2": 20.9483470917,
        "dvar": 90892.7734375,
        "dvar2": 190210.734375,
        "max": 28458.7773438,
        "mean": 23.3453025818,
        "median": 7.73868179321,
        "min": -1.58539879322,
        "var": 154040.671875
    },
    "melbands_skewness": {
        "dmean": 0.653387248516,
        "dmean2": 0.986094594002,
        "dvar": 2.28996753693,
        "dvar2": 4.80530691147,
        "max": 115.05329895,
        "mean": 2.86331415176,
        "median": 2.42681050301,
        "min": -2.96226835251,
        "var": 7.15434980392
    },
    "melbands_spread": {
        "dmean": 6.08966970444,
        "dmean2": 9.27453041077,
        "dvar": 67.8076477051,
        "dvar2": 155.812026978,
        "max": 188.131668091,
        "mean": 22.2907314301,
        "median": 20.2850093842,
        "min": 0.00919671170413,
        "var": 159.027206421
    },
    "pitch_salience": {
        "dmean": 0.0672241076827,
        "dmean2": 0.10677305609,
        "dvar": 0.00612192833796,
        "dvar2": 0.0164490751922,
        "max": 0.906333386898,
        "mean": 0.521850466728,
        "median": 0.527835488319,
        "min": 0.00187282287516,
        "var": 0.0170840620995
    },
    "silence_rate_20dB": {
        "dmean": 0,
        "dmean2": 0,
        "dvar": 0,
        "dvar2": 0,
        "max": 1,
        "mean": 1,
        "median": 1,
        "min": 1,
        "var": 0
    },
    "silence_rate_30dB": {
        "dmean": 0.00958702061325,
        "dmean2": 0.0191763974726,
        "dvar": 0.00949483644217,
        "dvar2": 0.026920683682,
        "max": 1,
        "mean": 0.994469702244,
        "median": 1,
        "min": 0,
        "var": 0.00549965724349
    },
    "silence_rate_60dB": {
        "dmean": 0.0108161261305,
        "dmean2": 0.0216349102557,
        "dvar": 0.010697895661,
        "dvar2": 0.0231360029429,
        "max": 1,
        "mean": 0.0340420305729,
        "median": 0,
        "min": 0,
        "var": 0.0328839533031
    },
    "spectral_centroid": {
        "dmean": 239.817871094,
        "dmean2": 351.972320557,
        "dvar": 83833.34375,
        "dvar2": 153849.09375,
        "max": 10873.2490234,
        "mean": 1468.79345703,
        "median": 1398.1204834,
        "min": 43.5385055542,
        "var": 297403.15625
    },
    "spectral_complexity": {
        "dmean": 4.77630281448,
        "dmean2": 7.1527967453,
        "dvar": 31.8018875122,
        "dvar2": 64.1811447144,
        "max": 61,
        "mean": 23.9458026886,
        "median": 23,
        "min": 0,
        "var": 118.738868713
    },
    "spectral_decrease": {
        "dmean": 2.51002330032e-09,
        "dmean2": 3.90341359235e-09,
        "dvar": 2.11715206878e-17,
        "dvar2": 5.50609763808e-17,
        "max": 5.06791131496e-29,
        "mean": -9.82146808326e-09,
        "median": -9.29301346986e-09,
        "min": -4.56244286795e-08,
        "var": 3.84708269485e-17
    },
    "spectral_energy": {
        "dmean": 0.0100608579814,
        "dmean2": 0.0156971495599,
        "dvar": 0.000324040505802,
        "dvar2": 0.0008374908939,
        "max": 0.176098421216,
        "mean": 0.039668250829,
        "median": 0.0374711230397,
        "min": 1.07225209451e-20,
        "var": 0.000596833007876
    },
    "spectral_energyband_high": {
        "dmean": 0.000713712128345,
        "dmean2": 0.00109162041917,
        "dvar": 1.37193569572e-06,
        "dvar2": 3.20101526086e-06,
        "max": 0.01443618536,
        "mean": 0.00128209835384,
        "median": 0.000833921541926,
        "min": 7.7170450077e-21,
        "var": 1.9510173388e-06
    },
    "spectral_energyband_low": {
        "dmean": 0.00736787356436,
        "dmean2": 0.0112813124433,
        "dvar": 0.00028138293419,
        "dvar2": 0.000742674455978,
        "max": 0.160336524248,
        "mean": 0.0173523705453,
        "median": 0.0126246064901,
        "min": 5.74907502011e-23,
        "var": 0.000388396321796
    },
    "spectral_energyband_middle_high": {
        "dmean": 0.0026601634454,
        "dmean2": 0.00423793168738,
        "dvar": 1.60519612109e-05,
        "dvar2": 3.86222491215e-05,
        "max": 0.0540610998869,
        "mean": 0.00775740668178,
        "median": 0.00600883131847,
        "min": 1.51477813181e-21,
        "var": 4.88643927383e-05
    },
    "spectral_energyband_middle_low": {
        "dmean": 0.00354682840407,
        "dmean2": 0.00541185680777,
        "dvar": 2.06711756618e-05,
        "dvar2": 5.26978801645e-05,
        "max": 0.0508316606283,
        "mean": 0.0144643010572,
        "median": 0.0135850580409,
        "min": 3.12013925548e-22,
        "var": 0.000104772523628
    },
    "spectral_entropy": {
        "dmean": 0.216782554984,
        "dmean2": 0.314954787493,
        "dvar": 0.0875707417727,
        "dvar2": 0.205313533545,
        "max": 9.79704475403,
        "mean": 7.61452102661,
        "median": 7.6565155983,
        "min": 2.35518860817,
        "var": 0.279432117939
    },
    "spectral_flux": {
        "dmean": 0.030705133453,
        "dmean2": 0.0476444996893,
        "dvar": 0.00184355059173,
        "dvar2": 0.00385991716757,
        "max": 0.368075639009,
        "mean": 0.0811531916261,
        "median": 0.0676712840796,
        "min": 1.03549606389e-10,
        "var": 0.00311099877581
    },
    "spectral_kurtosis": {
        "dmean": 1.40539503098,
        "dmean2": 2.31278705597,
        "dvar": 30.585100174,
        "dvar2": 67.955406189,
        "max": 350.527252197,
        "mean": 4.52780008316,
        "median": 3.69282865524,
        "min": -1.15416097641,
        "var": 92.2969665527
    },
    "spectral_rms": {
        "dmean": 0.000730110274162,
        "dmean2": 0.0010964286048,
        "dvar": 1.24665245949e-06,
        "dvar2": 2.91591163659e-06,
        "max": 0.0131073771045,
        "mean": 0.00587733648717,
        "median": 0.00604625465348,
        "min": 3.23434638447e-12,
        "var": 4.157566309e-06
    },
    "spectral_rolloff": {
        "dmean": 496.915802002,
        "dmean2": 794.753112793,
        "dvar": 742666.4375,
        "dvar2": 1512134.375,
        "max": 19272.2167969,
        "mean": 1390.19494629,
        "median": 1055.12695312,
        "min": 21.533203125,
        "var": 1484981.375
    },
    "spectral_skewness": {
        "dmean": 0.175703436136,
        "dmean2": 0.284311562777,
        "dvar": 0.0984268411994,
        "dvar2": 0.220291361213,
        "max": 15.371761322,
        "mean": 1.52752673626,
        "median": 1.4927251339,
        "min": 0.0394285283983,
        "var": 0.386046200991
    },
    "spectral_spread": {
        "dmean": 612014.375,
        "dmean2": 891730.3125,
        "dvar": 758364176384,
        "dvar2": 1.32593811456e+12,
        "max": 39180664,
        "mean": 4834228.5,
        "median": 4744798.5,
        "min": 315489.4375,
        "var": 2.02073414042e+12
    },
    "spectral_strongpeak": {
        "dmean": 0.391583055258,
        "dmean2": 0.645182430744,
        "dvar": 0.575083315372,
        "dvar2": 1.20988714695,
        "max": 10.7585325241,
        "mean": 1.04066026211,
        "median": 0.467269003391,
        "min": 0,
        "var": 2.0839509964
    },
    "zerocrossingrate": {
        "dmean": 0.0117207309231,
        "dmean2": 0.0134117985144,
        "dvar": 0.000207761171623,
        "dvar2": 0.000254136772128,
        "max": 0.50244140625,
        "mean": 0.0591108947992,
        "median": 0.05322265625,
        "min": 0.00146484375,
        "var": 0.000979174044915
    },
    "barkbands": {
        "dmean": [0.000222443006351, 0.00603187317029, 0.00182084040716, 0.00102454784792, 0.00110037985723, 0.00107469502836, 0.000898186757695, 0.000934527663048, 0.000986248953268, 0.000684216967784, 0.000725114194211, 0.000376920914277, 0.000538755441085, 0.000437929993495, 0.000392870075302, 0.000414178299252, 0.000261340086581, 0.000187486133655, 0.000259029708104, 0.000166058671311, 0.000179785201908, 0.000143276789458, 0.000123830512166, 8.44938476803e-05, 8.80750303622e-05, 6.50294678053e-05, 3.80661876989e-05],
        "dmean2": [0.000331392162479, 0.00945070479065, 0.00294815562665, 0.00160410371609, 0.00175643083639, 0.00160437868908, 0.00131840072572, 0.00123262021225, 0.00143411604222, 0.00104941916652, 0.00109123124275, 0.000624113716185, 0.000862480781507, 0.000715574249625, 0.000659178651404, 0.000705881102476, 0.000432844011812, 0.000311202282319, 0.000414357811678, 0.000271169294138, 0.00028959379415, 0.000237089392613, 0.000194775959244, 0.000132482004119, 0.000132425528136, 9.97175302473e-05, 6.36130207567e-05],
        "dvar": [2.93199150292e-07, 0.000225943542318, 1.74218548636e-05, 3.73245165974e-06, 3.03516230815e-06, 3.48771618519e-06, 2.73819114227e-06, 2.21648065235e-06, 4.2245314944e-06, 2.40859867517e-06, 1.8353540554e-06, 4.50616340686e-07, 1.13524879453e-06, 6.49136666198e-07, 6.21749279617e-07, 4.48767849548e-07, 1.40986941233e-07, 8.75811494438e-08, 1.31185643681e-07, 6.38244799234e-08, 9.20563394402e-08, 6.28027052585e-08, 3.15101367221e-08, 2.29784475891e-08, 2.52086511665e-08, 1.53967310013e-08, 9.98008609088e-09],
        "dvar2": [5.35935441803e-07, 0.000610663322732, 4.82973082399e-05, 1.01039931906e-05, 7.94982497609e-06, 7.90704507381e-06, 5.70582869841e-06, 3.6711762732e-06, 8.61855642142e-06, 5.02164721183e-06, 3.38109043696e-06, 1.1471166772e-06, 2.61140030489e-06, 1.56921089456e-06, 1.58682530582e-06, 1.09100358259e-06, 3.58807625389e-07, 2.2738925054e-07, 3.18224408602e-07, 1.55649019007e-07, 2.2380309872e-07, 1.55621393105e-07, 6.97219917356e-08, 5.24823633441e-08, 5.52986918478e-08, 3.66945513974e-08, 2.63819259771e-08],
        "max": [0.0291537605226, 0.147228091955, 0.0417027883232, 0.0219164360315, 0.0357210747898, 0.0423819497228, 0.0318009369075, 0.0326241329312, 0.0368882268667, 0.0403602868319, 0.0378341078758, 0.00858950149268, 0.0322286970913, 0.0210559163243, 0.0246033314615, 0.0159754157066, 0.00890885293484, 0.0110677937046, 0.00445671472698, 0.00378946284764, 0.0045698499307, 0.00368413655087, 0.00276664574631, 0.0017329499824, 0.00127254449762, 0.000899038219359, 0.000857584935147],
        "mean": [0.000816299405415, 0.0120488023385, 0.00358541170135, 0.00207535806112, 0.00275660166517, 0.00285768369213, 0.00203722273, 0.00219155638479, 0.00192101241555, 0.00142703123856, 0.00139651331119, 0.00060405820841, 0.00108198833186, 0.000769921229221, 0.000706757418811, 0.000715048634447, 0.000476945599075, 0.000326894369209, 0.000454718596302, 0.000290394382318, 0.000337709730957, 0.000231079859077, 0.00019917312602, 0.000128572006361, 0.000115417955385, 7.99199042376e-05, 3.60978556273e-05],
        "median": [0.00016194456839, 0.00690045021474, 0.00214722240344, 0.00116104946937, 0.00207280367613, 0.00120807881467, 0.000769286474679, 0.000950185756665, 0.000671568966936, 0.000560212996788, 0.000707978324499, 0.000297939812299, 0.000440121395513, 0.00038454704918, 0.000330514623784, 0.000402093719458, 0.000307757756673, 0.000226372649195, 0.000317777798045, 0.000191122438991, 0.000237246887991, 0.000130294662085, 0.000116306226118, 7.2274953709e-05, 4.80176022393e-05, 2.82885866909e-05, 3.88315538657e-06],
        "min": [5.34314147667e-24, 3.62986015166e-23, 1.50881481037e-23, 2.20052749511e-24, 2.13460491362e-23, 4.17849587185e-23, 1.21084074722e-23, 5.04844757605e-23, 1.28260982932e-22, 1.05901421082e-22, 3.18547902653e-23, 4.23040197278e-23, 8.58019015495e-23, 7.31696762367e-23, 1.4939219369e-22, 1.57660314257e-22, 1.40458299762e-22, 2.05226556871e-22, 4.40200238062e-22, 3.29695340281e-22, 5.22538080983e-22, 5.00162148691e-22, 5.832360935e-22, 8.43777993563e-22, 1.09546773831e-21, 1.82460715246e-21, 2.4205356519e-21],
        "var": [3.7116835756e-06, 0.000271641270956, 2.22294493142e-05, 6.53110373605e-06, 1.02959647847e-05, 1.76993471541e-05, 1.23248973978e-05, 1.18611087601e-05, 1.18587486213e-05, 7.2196066867e-06, 5.21218726135e-06, 6.81667813751e-07, 4.32824981544e-06, 1.65389781159e-06, 2.11121960092e-06, 1.39131600463e-06, 3.31487342464e-07, 1.49397820337e-07, 2.06483321108e-07, 9.35488273512e-08, 1.29380907765e-07, 8.57802788801e-08, 5.16714244725e-08, 2.8448987166e-08, 3.04752312275e-08, 1.71893788092e-08, 8.17152212562e-09]
    },
    "erbbands": {
        "dmean": [0.165641978383, 1.419074893, 2.30647182465, 2.62366223335, 3.48035979271, 3.86957359314, 5.58121967316, 11.0520086288, 12.511920929, 18.7914543152, 13.1539335251, 24.5716571808, 21.7286205292, 17.2947063446, 32.6616325378, 16.5909519196, 24.6645202637, 24.1277503967, 21.1831436157, 18.6104354858, 18.5143909454, 12.4603729248, 10.607881546, 13.1331892014, 11.2153978348, 7.59217023849, 6.51802158356, 7.58042049408, 5.61064291, 4.02921152115, 3.54052233696, 1.807482481, 1.37078952789, 1.05336427689, 0.597834289074, 0.315589427948, 0.109631583095, 0.0373226478696, 0.00754241505638, 0.000275940314168],
        "dmean2": [0.248717144132, 2.29587650299, 3.69555068016, 4.22518730164, 5.54664945602, 6.0226817131, 8.80711841583, 16.2004318237, 18.186000824, 25.5057201385, 18.5305633545, 35.2576332092, 32.4700241089, 27.0386619568, 48.9719390869, 27.0820121765, 39.5480766296, 39.1623039246, 35.583694458, 31.6059131622, 31.667678833, 20.7567367554, 17.4863491058, 21.0256061554, 18.0933704376, 12.4105110168, 10.3461370468, 12.4154138565, 9.29167461395, 6.58008098602, 5.52476119995, 2.80237412453, 2.14568638802, 1.61854040623, 0.90814268589, 0.485867828131, 0.169877827168, 0.0613270625472, 0.0126378629357, 0.000464253302198],
        "dvar": [0.149645313621, 13.2816677094, 29.8199691772, 27.6847076416, 47.0456924438, 36.2887763977, 121.174728394, 400.506988525, 530.972595215, 854.970153809, 540.215820312, 2742.92797852, 1803.81323242, 1438.03930664, 4139.05957031, 885.293640137, 2268.32543945, 1743.82324219, 1977.38916016, 990.344970703, 764.648986816, 300.712158203, 321.835327148, 303.225097656, 281.633209229, 139.193115234, 104.018081665, 192.289031982, 95.4420547485, 36.9199371338, 27.0840873718, 10.0653486252, 6.17539548874, 3.52259516716, 1.13553452492, 0.313157945871, 0.0518810302019, 0.00829572416842, 0.000411864719354, 5.06562173541e-07],
        "dvar2": [0.370194971561, 37.0079421997, 83.2435760498, 76.5187225342, 131.313812256, 87.8224945068, 305.811828613, 889.688659668, 1096.20483398, 1529.94812012, 1137.9152832, 5414.87890625, 3795.81494141, 3131.30859375, 7488.97460938, 2261.70507812, 5198.25390625, 4178.52050781, 4977.73535156, 2526.72900391, 1996.23840332, 788.842407227, 852.272094727, 719.776367188, 681.87286377, 338.085479736, 230.18989563, 492.817565918, 240.865158081, 85.3656463623, 61.6954917908, 22.8280982971, 14.0076980591, 7.90176725388, 2.49601578712, 0.701945781708, 0.126774013042, 0.0217010881752, 0.00109946180601, 1.3461853996e-06],
        "max": [4.86880874634, 33.6002159119, 61.8720741272, 64.60496521, 64.5878143311, 151.430450439, 286.515350342, 443.020019531, 484.99899292, 628.490966797, 466.952911377, 1008.8125, 886.265075684, 835.487731934, 1948.38146973, 369.102844238, 1363.31640625, 1059.32141113, 1521.8026123, 607.239990234, 475.766235352, 347.145446777, 751.647338867, 208.717224121, 222.213394165, 180.988479614, 195.791183472, 156.390426636, 147.185150146, 110.768844604, 78.1472930908, 43.1426963806, 27.7461452484, 16.7662639618, 8.50385189056, 4.91598367691, 1.75357842445, 0.748728692532, 0.188129156828, 0.00662502087653],
        "mean": [0.373556524515, 2.52616643906, 4.59971094131, 5.53805303574, 7.1989030838, 9.94275474548, 13.6059188843, 29.5289096832, 31.3017349243, 47.1951751709, 27.4527587891, 49.8670654297, 47.6849136353, 37.2047653198, 62.5143051147, 30.0101680756, 50.9601860046, 47.3971366882, 40.785823822, 33.7140846252, 33.7969665527, 23.4933338165, 19.7073497772, 22.729019165, 19.7136936188, 13.7313575745, 12.8982429504, 12.6486282349, 9.11425685883, 6.84171581268, 5.50714302063, 2.90462589264, 2.00303483009, 1.41135323048, 0.779064118862, 0.399226039648, 0.1314817518, 0.0386585108936, 0.00714117195457, 0.000294598256005],
        "median": [0.169972330332, 1.44760835171, 2.98415255547, 3.96223473549, 4.40780878067, 6.66189479828, 7.8858499527, 12.5427923203, 12.2610559464, 22.3025455475, 14.866312027, 17.5071544647, 21.2170505524, 18.1517906189, 31.3844013214, 16.7146129608, 22.2317886353, 26.5291175842, 20.7430210114, 18.2138195038, 20.7860870361, 16.1920757294, 13.9884138107, 15.8028669357, 13.405711174, 9.12407779694, 9.10282897949, 8.3647069931, 5.21536445618, 4.26752090454, 3.16369771957, 1.66256701946, 1.08872497082, 0.647109806538, 0.321080356836, 0.161089748144, 0.0400442332029, 0.00793165713549, 0.000738078204449, 7.42201154935e-05],
        "min": [5.95340728639e-22, 9.26588819812e-21, 2.43956258313e-20, 7.41615482871e-21, 1.44533171496e-20, 8.44798331754e-20, 1.16606138762e-19, 4.57149533936e-19, 3.23953809775e-19, 2.18989682373e-19, 1.59091812648e-18, 2.85345857788e-18, 4.3666421995e-18, 1.91846986173e-18, 1.6636455003e-18, 1.15619645748e-18, 2.12490725926e-18, 4.17021699612e-18, 6.36141513005e-18, 6.97616997103e-18, 9.48235848222e-18, 1.0072623814e-17, 1.01661953121e-17, 1.94562740065e-17, 1.9816216687e-17, 1.3107451047e-17, 2.61921761338e-17, 1.71754938666e-17, 1.54574959826e-17, 1.60738381832e-17, 1.70186769661e-17, 1.83318510039e-17, 1.35983761231e-17, 1.13693791439e-17, 7.39508483891e-18, 6.52813131455e-18, 3.82906909994e-18, 1.29330267799e-18, 3.21821880994e-19, 3.55003333e-20],
        "var": [0.307596325874, 13.0345849991, 32.0873184204, 38.9716262817, 76.9050064087, 159.653335571, 381.497039795, 2109.30664062, 2761.99951172, 4675.88769531, 1460.81933594, 8237.97558594, 5548.40380859, 4935.55419922, 11411.8388672, 1427.31652832, 8846.99804688, 5047.77929688, 6851.96533203, 2346.09692383, 1701.48986816, 607.669067383, 591.904174805, 498.886566162, 426.138122559, 204.401473999, 193.020339966, 214.995925903, 123.708145142, 60.9175186157, 40.7582168579, 13.8736429214, 7.41870498657, 4.13899183273, 1.38724756241, 0.369542896748, 0.0548297017813, 0.00722697470337, 0.000330717099132, 4.10957085251e-07]
    },
    "gfcc": {
        "mean": [25.3398113251, 68.8673553467, -120.724052429, 22.3880882263, -58.2075996399, 10.0410346985, -33.7412033081, 6.83980607986, -19.5719833374, 8.29285907745, -12.4612989426, 3.8514251709, -9.55303001404],
        "cov": [[16459.4082031, 671.151184082, 380.864227295, 698.351867676, 405.021453857, 604.16595459, 333.457122803, 388.998718262, 34.2905426025, 149.251724243, -98.2152404785, 201.707214355, -85.780708313], [671.151184082, 2086.74829102, 633.59564209, 733.986328125, 647.944152832, 350.088500977, 364.5262146, 105.300445557, 40.9177932739, -156.108032227, -55.8773498535, -191.097457886, 1.519739151], [380.864227295, 633.59564209, 1804.63500977, 852.535095215, 885.967834473, 502.690490723, 420.490966797, 259.661651611, 30.294839859, 19.9861507416, -81.2470550537, -7.33919477463, -191.843597412], [698.351867676, 733.986328125, 852.535095215, 926.739379883, 642.348144531, 407.850769043, 259.575439453, 202.795608521, 49.706035614, 28.4538345337, -28.8519363403, -2.03446054459, -57.394985199], [405.021453857, 647.944152832, 885.967834473, 642.348144531, 723.640380859, 386.398254395, 297.719512939, 169.089294434, 33.2042694092, 9.72194385529, -43.1705627441, -30.5796508789, -51.0816307068], [604.16595459, 350.088500977, 502.690490723, 407.850769043, 386.398254395, 375.280059814, 220.100296021, 128.77583313, 44.0928611755, 13.1777801514, -17.8958244324, -4.28327560425, -29.0865306854], [333.457122803, 364.5262146, 420.490966797, 259.575439453, 297.719512939, 220.100296021, 279.028320312, 135.567642212, 51.7177047729, -2.4438431263, -1.73905277252, -28.9091396332, -42.9477577209], [388.998718262, 105.300445557, 259.661651611, 202.795608521, 169.089294434, 128.77583313, 135.567642212, 188.672515869, 60.1954269409, 48.7568206787, -2.38273215294, 14.689043045, -25.1743831635], [34.2905426025, 40.9177932739, 30.294839859, 49.706035614, 33.2042694092, 44.0928611755, 51.7177047729, 60.1954269409, 138.485855103, 65.2301101685, 31.7044048309, -11.8488512039, -20.3000183105], [149.251724243, -156.108032227, 19.9861507416, 28.4538345337, 9.72194385529, 13.1777801514, -2.4438431263, 48.7568206787, 65.2301101685, 140.210174561, 70.7429046631, 36.5888748169, -21.4575042725], [-98.2152404785, -55.8773498535, -81.2470550537, -28.8519363403, -43.1705627441, -17.8958244324, -1.73905277252, -2.38273215294, 31.7044048309, 70.7429046631, 118.602561951, 53.3034667969, 9.24542045593], [201.707214355, -191.097457886, -7.33919477463, -2.03446054459, -30.5796508789, -4.28327560425, -28.9091396332, 14.689043045, -11.8488512039, 36.5888748169, 53.3034667969, 117.61542511, 32.3003463745], [-85.780708313, 1.519739151, -191.843597412, -57.394985199, -51.0816307068, -29.0865306854, -42.9477577209, -25.1743831635, -20.3000183105, -21.4575042725, 9.24542045593, 32.3003463745, 115.2889328]],
        "icov": [[7.82777206041e-05, -7.86244563642e-05, 7.95978266979e-05, 9.62540161709e-06, 5.562752267e-05, -0.00014251327957, -7.86036398495e-05, -3.25126711687e-05, 9.13531403057e-05, -0.000264150236035, 0.000377645803383, -0.000396604300477, 0.000196587890969], [-7.86244563642e-05, 0.0013038412435, -3.0268507544e-05, -0.000861555221491, -0.000490149366669, 0.000474981439766, -0.000508020806592, 0.000138451810926, -0.000394542206777, 0.00198122789152, -0.00190082122572, 0.00247905659489, -0.00105417065788], [7.95978266979e-05, -3.0268507544e-05, 0.00216625421308, -0.000272284960374, -0.00183930061758, -4.03289668611e-05, -0.000919347454328, -4.83927294681e-07, 0.00040033843834, -0.000226579650189, 0.00154562643729, -0.00213705422357, 0.00286417128518], [9.62540161709e-06, -0.000861555221491, -0.000272284960374, 0.00396131910384, -0.00193185603712, -0.00171266542748, 0.00203122687526, -0.0016227705637, 1.02548565337e-05, -0.000447473081294, 0.000265349633992, -0.00147154286969, 0.000961322628427], [5.562752267e-05, -0.000490149366669, -0.00183930061758, -0.00193185603712, 0.00735529093072, -0.00182067137212, -0.00217963359319, 0.000889564224053, 0.00105821888428, -0.00249185739085, 0.00137640885077, 0.00110076542478, -0.00248888484202], [-0.00014251327957, 0.000474981439766, -4.03289668611e-05, -0.00171266542748, -0.00182067137212, 0.00820954982191, -0.00374426064081, 0.000827012816444, -0.00100289820693, 9.54077841016e-05, 0.000647233275231, -0.000336437689839, -0.00109823327512], [-7.86036398495e-05, -0.000508020806592, -0.000919347454328, 0.00203122687526, -0.00217963359319, -0.00374426064081, 0.0130002079532, -0.00637556659058, -0.00133972475305, 0.00520872464404, -0.00602096086368, 0.00319444574416, 0.00129133928567], [-3.25126711687e-05, 0.000138451810926, -4.83927294681e-07, -0.0016227705637, 0.000889564224053, 0.000827012816444, -0.00637556659058, 0.0125447316095, -0.00234153680503, -0.00492245657369, 0.00549980113283, -0.00364792579785, -0.000615165510681], [9.13531403057e-05, -0.000394542206777, 0.00040033843834, 1.02548565337e-05, 0.00105821888428, -0.00100289820693, -0.00133972475305, -0.00234153680503, 0.0118624242023, -0.00557211693376, -0.000700924487319, 0.00258362828754, 0.000333931733621], [-0.000264150236035, 0.00198122789152, -0.000226579650189, -0.000447473081294, -0.00249185739085, 9.54077841016e-05, 0.00520872464404, -0.00492245657369, -0.00557211693376, 0.0200507827103, -0.0125577459112, 0.00329974736087, 0.00179630424827], [0.000377645803383, -0.00190082122572, 0.00154562643729, 0.000265349633992, 0.00137640885077, 0.000647233275231, -0.00602096086368, 0.00549980113283, -0.000700924487319, -0.0125577459112, 0.022692810744, -0.012400181964, 0.00193490367383], [-0.000396604300477, 0.00247905659489, -0.00213705422357, -0.00147154286969, 0.00110076542478, -0.000336437689839, 0.00319444574416, -0.00364792579785, 0.00258362828754, 0.00329974736087, -0.012400181964, 0.0215611755848, -0.00779746426269], [0.000196587890969, -0.00105417065788, 0.00286417128518, 0.000961322628427, -0.00248888484202, -0.00109823327512, 0.00129133928567, -0.000615165510681, 0.000333931733621, 0.00179630424827, 0.00193490367383, -0.00779746426269, 0.0154681103304]]
    },
    "melbands": {
        "dmean": [0.0015872331569, 0.00142099615186, 0.000483580486616, 0.000245384697337, 0.000193211380974, 0.000231308164075, 0.00019096856704, 0.000217099353904, 0.000100053126516, 0.000165811841725, 0.000108736363472, 7.31869222363e-05, 9.6102237876e-05, 5.70976408198e-05, 4.84621377836e-05, 5.52029814571e-05, 4.84834672534e-05, 3.44732616213e-05, 2.36036721617e-05, 3.37174788001e-05, 2.08005913009e-05, 1.4366409232e-05, 1.27858656924e-05, 8.31524084788e-06, 1.16056298793e-05, 1.05259277916e-05, 6.39640802547e-06, 5.20291951034e-06, 4.24179688707e-06, 4.33365494246e-06, 5.07857657794e-06, 3.47929812961e-06, 2.60813658315e-06, 2.33995956478e-06, 2.34344065575e-06, 1.48828974034e-06, 9.81475068329e-07, 8.95474897789e-07, 1.05480432921e-06, 8.91535819392e-07],
        "dmean2": [0.00245073135011, 0.00225518667139, 0.000773641222622, 0.000393465481466, 0.000298363302136, 0.000339768099366, 0.000277181970887, 0.000289516319754, 0.000143708530231, 0.000237930304138, 0.000163324861205, 0.000115039067168, 0.000145606114529, 8.85396584636e-05, 8.1519530795e-05, 8.67410271894e-05, 7.889742119e-05, 5.80551532039e-05, 3.99179007218e-05, 5.6712760852e-05, 3.57912904292e-05, 2.42296355282e-05, 2.08968940569e-05, 1.38343684739e-05, 1.86289526027e-05, 1.7266616851e-05, 1.04631790236e-05, 8.51318782225e-06, 6.88522777637e-06, 6.97297355146e-06, 8.54309655551e-06, 5.81842550673e-06, 4.37961853095e-06, 3.82870211979e-06, 3.69193799088e-06, 2.30905379794e-06, 1.54117947204e-06, 1.38818393225e-06, 1.67988048361e-06, 1.38945563322e-06],
        "dvar": [1.52237253133e-05, 1.16697119665e-05, 9.18174521303e-07, 1.80067772249e-07, 1.16322638632e-07, 1.65942807939e-07, 1.23915611994e-07, 1.17474371564e-07, 3.74146402748e-08, 1.26900459918e-07, 4.89481486454e-08, 2.92098203403e-08, 3.25576259286e-08, 9.33135524406e-09, 9.06593999872e-09, 1.48767984598e-08, 7.72646924219e-09, 4.95616392371e-09, 2.50235587806e-09, 3.31517879815e-09, 1.0091435465e-09, 3.95720067825e-10, 4.44716347081e-10, 1.56952825736e-10, 2.36566766176e-10, 2.42414061047e-10, 9.85997464231e-11, 6.15728926179e-11, 4.23057734678e-11, 4.58583344909e-11, 9.10058972625e-11, 3.91214040329e-11, 1.89383439486e-11, 1.11668382874e-11, 1.20680566235e-11, 5.81499128363e-12, 3.12507810428e-12, 2.39556009578e-12, 4.25775040225e-12, 2.61137834447e-12],
        "dvar2": [4.04086131311e-05, 3.21822953993e-05, 2.5662848202e-06, 4.98493989198e-07, 2.84581233245e-07, 3.71181812397e-07, 2.54501713925e-07, 1.96866423607e-07, 7.82385143339e-08, 2.50679931924e-07, 1.0266806072e-07, 6.27465652769e-08, 6.02362320024e-08, 1.93197546849e-08, 2.33213999223e-08, 3.2867216504e-08, 1.8051567352e-08, 1.25832206876e-08, 6.46064446386e-09, 7.74020225691e-09, 2.78711609347e-09, 1.09003195359e-09, 1.09587838804e-09, 4.08479555736e-10, 5.62359492307e-10, 6.08701367089e-10, 2.4392804443e-10, 1.5180937063e-10, 9.8176210217e-11, 1.06535995303e-10, 2.36818231691e-10, 9.95792337477e-11, 4.69393517111e-11, 2.60134778302e-11, 2.91171184386e-11, 1.27436403444e-11, 7.235420596e-12, 5.15361711639e-12, 1.02484305764e-11, 5.95622249439e-12],
        "max": [0.0392194464803, 0.0350689254701, 0.0107848271728, 0.00491849984974, 0.00758457370102, 0.00854755099863, 0.00740913674235, 0.00777500728145, 0.00443161465228, 0.00690658902749, 0.00507098855451, 0.00353411654942, 0.00513084977865, 0.00247762002982, 0.00164299667813, 0.00417855754495, 0.00237875198945, 0.00236067874357, 0.00186613644473, 0.00151972088497, 0.000352677190676, 0.00025822056341, 0.000627110362984, 0.00038859405322, 0.000191862462088, 0.000182216928806, 0.000100778313936, 0.000119420408737, 0.00010754338291, 0.00013171932369, 0.000125768652651, 9.33122864808e-05, 8.52669763844e-05, 5.29206445208e-05, 4.4203694415e-05, 4.40351068391e-05, 2.70683485724e-05, 2.03960971703e-05, 2.46157378569e-05, 1.54724748427e-05],
        "mean": [0.00334521266632, 0.00284123583697, 0.00106314523146, 0.00058529357193, 0.000508418364916, 0.000618786609266, 0.0004643141001, 0.000542128167581, 0.000190070291865, 0.000331305811414, 0.000231601748965, 0.000145008831169, 0.000184136122698, 0.000109440727101, 7.89314362919e-05, 0.000113864225568, 8.63990135258e-05, 6.32296796539e-05, 4.07995212299e-05, 5.93143777223e-05, 3.49956353602e-05, 2.53215785051e-05, 2.18306486204e-05, 1.44187570186e-05, 1.868743675e-05, 1.65547789948e-05, 1.06419229269e-05, 8.81398136698e-06, 8.13370024844e-06, 7.50441267883e-06, 7.62416357247e-06, 5.37267669642e-06, 4.05346145271e-06, 3.73735065295e-06, 3.45579042005e-06, 2.35130232795e-06, 1.50551261413e-06, 1.31123715619e-06, 1.47241587456e-06, 1.10959365429e-06],
        "median": [0.00180978293065, 0.00193201273214, 0.000820202927571, 0.000418853975134, 0.000321050407365, 0.000252360710874, 0.000172377578565, 0.0002474138455, 9.40579193411e-05, 0.000114627378935, 9.45523934206e-05, 5.8861245634e-05, 9.58666350925e-05, 5.84082117712e-05, 3.68817927665e-05, 4.27562408731e-05, 4.27711238444e-05, 3.19688297168e-05, 1.87239402294e-05, 3.05802568619e-05, 2.07718985621e-05, 1.64341254276e-05, 1.33990552058e-05, 1.00939105323e-05, 1.23635409182e-05, 1.00410225059e-05, 6.46305807095e-06, 5.63135472476e-06, 5.77744913244e-06, 4.75223168905e-06, 4.71563134852e-06, 2.94393635158e-06, 2.26632801059e-06, 2.31940884987e-06, 1.92173365576e-06, 1.30168007217e-06, 8.10077835922e-07, 6.60749549297e-07, 7.87826138549e-07, 4.4500981744e-07],
        "min": [7.9512603853e-24, 1.34936109342e-23, 1.43696407722e-24, 3.3222936188e-24, 4.75931104274e-24, 9.69330902205e-24, 4.50262674823e-24, 3.58422186617e-24, 1.29489521774e-23, 1.98859780412e-23, 2.12807140983e-23, 7.66218861747e-24, 5.0837766328e-24, 5.63651253643e-24, 1.15023226805e-24, 8.83599944494e-24, 7.61610572997e-24, 8.99506141357e-24, 1.4023461983e-23, 7.76217358176e-24, 1.07990884851e-23, 1.10077311504e-23, 6.72816941708e-24, 1.10536901868e-23, 1.63016449456e-23, 1.58713244772e-23, 1.08724241502e-23, 8.17088241676e-24, 1.77293206787e-23, 1.24327815544e-23, 9.48263661756e-24, 8.78150651133e-24, 9.39493500643e-24, 8.92425246986e-24, 9.35720142275e-24, 1.14948756364e-23, 1.12631848219e-23, 9.00221480426e-24, 9.8003109041e-24, 9.79895800764e-24],
        "var": [2.19475750782e-05, 1.21086177387e-05, 1.31308058826e-06, 4.0817531044e-07, 4.54582902876e-07, 8.92654441031e-07, 6.31185514521e-07, 6.71309237532e-07, 8.81125785668e-08, 3.72740430521e-07, 1.42060784469e-07, 9.48167695469e-08, 8.87217552759e-08, 2.25371117324e-08, 1.69870926214e-08, 6.28458138863e-08, 2.28614407405e-08, 1.56010013797e-08, 6.97860835785e-09, 1.21097034622e-08, 1.60747448685e-09, 7.39505290337e-10, 9.83315096015e-10, 2.51815651664e-10, 3.83783144153e-10, 3.51648044017e-10, 1.37692163227e-10, 9.13789946488e-11, 7.48876585743e-11, 7.63935442682e-11, 9.11596770292e-11, 4.76980017983e-11, 2.67786799679e-11, 1.80499695052e-11, 1.64240565592e-11, 8.69859739794e-12, 4.07567295885e-12, 3.15385413098e-12, 4.60629147672e-12, 2.89244756618e-12]
    },
    "mfcc": {
        "mean": [-614.767211914, 103.476219177, -8.77456283569, 15.6447048187, -3.99045681953, 4.07570362091, -3.96953892708, -0.210118606687, -1.22812747955, 0.958870708942, 0.374186784029, 2.19941496849, 2.89876961708],
        "cov": [[8267.69824219, 1190.58911133, 565.543884277, 437.443664551, 272.5262146, 365.402832031, 317.838989258, 302.464050293, 156.149108887, 94.6477127075, 20.391954422, -86.2136611938, -84.3363418579], [1190.58911133, 1594.23522949, 469.980712891, 609.891601562, 474.115997314, 418.813262939, 419.213134766, 308.827606201, 245.388183594, 161.632873535, 3.17155838013, -17.4767036438, -58.038433075], [565.543884277, 469.980712891, 968.472290039, 583.921691895, 567.640319824, 459.143341064, 434.133972168, 363.985595703, 221.132019043, 190.887924194, 146.711074829, 47.0022583008, 92.6254119873], [437.443664551, 609.891601562, 583.921691895, 734.255310059, 541.930480957, 394.907867432, 391.225830078, 296.001342773, 207.666137695, 154.267105103, 101.86390686, 49.760684967, 58.2568283081], [272.5262146, 474.115997314, 567.640319824, 541.930480957, 588.444152832, 414.750762939, 369.319732666, 264.265258789, 206.506118774, 136.296615601, 90.4154129028, 36.5860023499, 60.3140869141], [365.402832031, 418.813262939, 459.143341064, 394.907867432, 414.750762939, 431.594268799, 322.315063477, 235.612762451, 154.815704346, 131.876281738, 76.6883850098, 33.6576004028, 45.0824737549], [317.838989258, 419.213134766, 434.133972168, 391.225830078, 369.319732666, 322.315063477, 405.866851807, 263.908081055, 178.67640686, 104.316459656, 72.6587371826, 32.755279541, 25.0544090271], [302.464050293, 308.827606201, 363.985595703, 296.001342773, 264.265258789, 235.612762451, 263.908081055, 282.53717041, 163.407577515, 104.521018982, 50.3897285461, 18.6193675995, 35.5250511169], [156.149108887, 245.388183594, 221.132019043, 207.666137695, 206.506118774, 154.815704346, 178.67640686, 163.407577515, 202.19984436, 103.32510376, 42.223236084, 6.97633361816, 4.45419025421], [94.6477127075, 161.632873535, 190.887924194, 154.267105103, 136.296615601, 131.876281738, 104.316459656, 104.521018982, 103.32510376, 152.391479492, 88.7001724243, 37.68516922, 22.9305534363], [20.391954422, 3.17155838013, 146.711074829, 101.86390686, 90.4154129028, 76.6883850098, 72.6587371826, 50.3897285461, 42.223236084, 88.7001724243, 140.873504639, 84.1067199707, 44.7154541016], [-86.2136611938, -17.4767036438, 47.0022583008, 49.760684967, 36.5860023499, 33.6576004028, 32.755279541, 18.6193675995, 6.97633361816, 37.68516922, 84.1067199707, 120.743843079, 78.4606170654], [-84.3363418579, -58.038433075, 92.6254119873, 58.2568283081, 60.3140869141, 45.0824737549, 25.0544090271, 35.5250511169, 4.45419025421, 22.9305534363, 44.7154541016, 78.4606170654, 144.387802124]],
