{
"lowlevel": {
    "average_loudness": 0.945370256901,
    "barkbands_crest": {
        "dmean": 3.5247797966,
        "dmean2": 5.57079315186,
        "dvar": 11.6681985855,
        "dvar2": 22.1140537262,
        "max": 25.8390102386,
        "mean": 11.1332445145,
        "median": 9.92018318176,
        "min": 2.43291473389,
        "var": 27.3586597443
    },
    "barkbands_flatness_db": {
        "dmean": 0.0255519077182,
        "dmean2": 0.0396798141301,
        "dvar": 0.000696567120031,
        "dvar2": 0.00143953796942,
        "max": 0.374399244785,
        "mean": 0.130663305521,
        "median": 0.122568130493,
        "min": 0.0385086126626,
        "var": 0.00208662217483
    },
    "barkbands_kurtosis": {
        "dmean": 3.46836495399,
        "dmean2": 5.46421480179,
        "dvar": 62.2135009766,
        "dvar2": 138.472045898,
        "max": 241.733505249,
        "mean": 3.67252826691,
        "median": 0.988476157188,
        "min": -1.87393462658,
        "var": 79.3812332153
    },
    "barkbands_skewness": {
        "dmean": 0.654922962189,
        "dmean2": 0.989546537399,
        "dvar": 0.689269423485,
        "dvar2": 1.34429848194,
        "max": 14.3147954941,
        "mean": 1.52584838867,
        "median": 1.28272485733,
        "min": -4.01125001907,
        "var": 1.78285610676
    },
    "barkbands_spread": {
        "dmean": 8.56915664673,
        "dmean2": 13.2417497635,
        "dvar": 92.6136550903,
        "dvar2": 185.698272705,
        "max": 111.329490662,
        "mean": 30.6841583252,
        "median": 27.6021366119,
        "min": 0.790121555328,
        "var": 296.580596924
    },
    "dissonance": {
        "dmean": 0.0141735812649,
        "dmean2": 0.0235081072897,
        "dvar": 0.000197111308808,
        "dvar2": 0.00050823536003,
        "max": 0.500000059605,
        "mean": 0.473618805408,
        "median": 0.479960918427,
        "min": 0.3321210742,
        "var": 0.000473591819173
    },
    "dynamic_complexity": 2.52729940414,
    "erbbands_crest": {
        "dmean": 2.37121987343,
        "dmean2": 3.87305426598,
        "dvar": 5.67694616318,
        "dvar2": 14.0970153809,
        "max": 29.5670032501,
        "mean": 7.62292051315,
        "median": 6.44063568115,
        "min": 2.24532437325,
        "var": 16.0781936646
    },
    "erbbands_flatness_db": {
        "dmean": 0.0137573964894,
        "dmean2": 0.0203689038754,
        "dvar": 0.000183939206181,
        "dvar2": 0.000365578773199,
        "max": 0.339728802443,
        "mean": 0.132444724441,
        "median": 0.122918300331,
        "min": 0.0270987357944,
        "var": 0.00134777126368
    },
    "erbbands_kurtosis": {
        "dmean": 0.688785195351,
        "dmean2": 1.11472094059,
        "dvar": 3.06321167946,
        "dvar2": 8.74397087097,
        "max": 101.25881958,
        "mean": -0.0552830472589,
        "median": -0.386995196342,
        "min": -1.69223403931,
        "var": 2.77687335014
    },
    "erbbands_skewness": {
        "dmean": 0.347183525562,
        "dmean2": 0.533279299736,
        "dvar": 0.12018366158,
        "dvar2": 0.281172245741,
        "max": 9.12851142883,
        "mean": 0.00958064198494,
        "median": -0.042523689568,
        "min": -2.8161380291,
        "var": 0.510231375694
    },
    "erbbands_spread": {
        "dmean": 8.27394676208,
        "dmean2": 12.8183364868,
        "dvar": 65.9308776855,
        "dvar2": 151.805221558,
        "max": 118.192276001,
        "mean": 45.5903892517,
        "median": 45.425868988,
        "min": 2.74537277222,
        "var": 276.685882568
    },
    "hfc": {
        "dmean": 9.23551177979,
        "dmean2": 14.3955793381,
        "dvar": 177.10055542,
        "dvar2": 397.75881958,
        "max": 180.865463257,
        "mean": 33.4194374084,
        "median": 30.4523010254,
        "min": 1.1111629665e-16,
        "var": 556.668640137
    },
    "melbands_crest": {
        "dmean": 4.2457652092,
        "dmean2": 6.59726238251,
        "dvar": 14.0253915787,
        "dvar2": 31.8388347626,
        "max": 36.1117401123,
        "mean": 16.3941287994,
        "median": 15.4663133621,
        "min": 1.67572581768,
        "var": 39.2024536133
    },
    "melbands_flatness_db": {
        "dmean": 0.0326880402863,
        "dmean2": 0.049563139677,
        "dvar": 0.0011825725669,
        "dvar2": 0.00233416026458,
        "max": 0.474173486233,
        "mean": 0.174775779247,
        "median": 0.165806859732,
        "min": 0.00371627113782,
        "var": 0.00424551824108
    },
    "melbands_kurtosis": {
        "dmean": 10.4301919937,
        "dmean2": 16.3083934784,
        "dvar": 443.895507812,
        "dvar2": 934.746398926,
        "max": 430.513122559,
        "mean": 16.3435573578,
        "median": 8.2004070282,
        "min": -1.6844367981,
        "var": 664.531799316
    },
    "melbands_skewness": {
        "dmean": 0.956230223179,
        "dmean2": 1.44446897507,
        "dvar": 1.46493148804,
        "dvar2": 2.80182337761,
        "max": 16.3565387726,
        "mean": 3.04627227783,
        "median": 2.62084507942,
        "min": -2.21202898026,
        "var": 4.01760864258
    },
    "melbands_spread": {
        "dmean": 10.19759655,
        "dmean2": 15.645740509,
        "dvar": 174.506637573,
        "dvar2": 349.529327393,
        "max": 206.288330078,
        "mean": 30.0266342163,
        "median": 24.8822250366,
        "min": 0.564438223839,
        "var": 565.291809082
    },
    "pitch_salience": {
        "dmean": 0.0847220867872,
        "dmean2": 0.133489951491,
        "dvar": 0.00691402610391,
        "dvar2": 0.0145227722824,
        "max": 0.929605066776,
        "mean": 0.500791013241,
        "median": 0.51260304451,
        "min": 0.0687980875373,
        "var": 0.0173001233488
    },
    "silence_rate_20dB": {
        "dmean": 0,
        "dmean2": 0,
        "dvar": 0,
        "dvar2": 0,
        "max": 1,
        "mean": 1,
        "median": 1,
        "min": 1,
        "var": 0
    },
    "silence_rate_30dB": {
        "dmean": 0.0483362525702,
        "dmean2": 0.0966837927699,
        "dvar": 0.0460038855672,
        "dvar2": 0.128203958273,
        "max": 1,
        "mean": 0.972099006176,
        "median": 1,
        "min": 0,
        "var": 0.0271222963929
    },
    "silence_rate_60dB": {
        "dmean": 0.0126094566658,
        "dmean2": 0.0252218581736,
        "dvar": 0.0124516319484,
        "dvar2": 0.0271566137671,
        "max": 1,
        "mean": 0.0372402518988,
        "median": 0,
        "min": 0,
        "var": 0.0358551219106
    },
    "spectral_centroid": {
        "dmean": 338.520690918,
        "dmean2": 525.666931152,
        "dvar": 127389.960938,
        "dvar2": 275865.0625,
        "max": 11672.8398438,
        "mean": 1910.18005371,
        "median": 1808.43432617,
        "min": 355.948394775,
        "var": 928194.5
    },
    "spectral_complexity": {
        "dmean": 5.24343252182,
        "dmean2": 8.19873905182,
        "dvar": 26.9857463837,
        "dvar2": 62.5736656189,
        "max": 61,
        "mean": 28.4206161499,
        "median": 30,
        "min": 0,
        "var": 163.413879395
    },
    "spectral_decrease": {
        "dmean": 3.85345355625e-09,
        "dmean2": 5.79291370428e-09,
        "dvar": 2.54634283597e-17,
        "dvar2": 4.61370342953e-17,
        "max": 4.51374093064e-22,
        "mean": -1.0484868973e-08,
        "median": -9.18974851771e-09,
        "min": -4.26862278857e-08,
        "var": 5.30648373615e-17
    },
    "spectral_energy": {
        "dmean": 0.0147818597034,
        "dmean2": 0.0221672914922,
        "dvar": 0.000359786296031,
        "dvar2": 0.000651378126349,
        "max": 0.163510665298,
        "mean": 0.0426034890115,
        "median": 0.038199942559,
        "min": 1.04181984512e-20,
        "var": 0.000783678086009
    },
    "spectral_energyband_high": {
        "dmean": 0.000959799450357,
        "dmean2": 0.00151062151417,
        "dvar": 2.99724729302e-06,
        "dvar2": 6.45601176075e-06,
        "max": 0.0235021114349,
        "mean": 0.00225753430277,
        "median": 0.00149902771227,
        "min": 7.39909665196e-21,
        "var": 7.56723102313e-06
    },
    "spectral_energyband_low": {
        "dmean": 0.0128615479916,
        "dmean2": 0.0195624511689,
        "dvar": 0.000400804128731,
        "dvar2": 0.000727752223611,
        "max": 0.153152123094,
        "mean": 0.0228778850287,
        "median": 0.0147007936612,
        "min": 1.20628752097e-23,
        "var": 0.000677936535794
    },
    "spectral_energyband_middle_high": {
        "dmean": 0.0023674138356,
        "dmean2": 0.003714769613,
        "dvar": 1.21692901303e-05,
        "dvar2": 2.94610817946e-05,
        "max": 0.056974273175,
        "mean": 0.00723310979083,
        "median": 0.00542748812586,
        "min": 1.35762754791e-21,
        "var": 5.00386995554e-05
    },
    "spectral_energyband_middle_low": {
        "dmean": 0.00502475630492,
        "dmean2": 0.00793508440256,
        "dvar": 5.23937051184e-05,
        "dvar2": 0.000128716172185,
        "max": 0.0821744725108,
        "mean": 0.0118814101443,
        "median": 0.00891393236816,
        "min": 2.06687956408e-22,
        "var": 0.000115003917017
    },
    "spectral_entropy": {
        "dmean": 0.130351945758,
        "dmean2": 0.193830490112,
        "dvar": 0.0183975845575,
        "dvar2": 0.0395983457565,
        "max": 9.82786560059,
        "mean": 7.90788793564,
        "median": 7.94600963593,
        "min": 6.31564760208,
        "var": 0.115961261094
    },
    "spectral_flux": {
        "dmean": 0.0355200842023,
        "dmean2": 0.0578412897885,
        "dvar": 0.00145170651376,
        "dvar2": 0.00348797976039,
        "max": 0.341548085213,
        "mean": 0.112296119332,
        "median": 0.103825390339,
        "min": 6.376653372e-11,
        "var": 0.00309381447732
    },
    "spectral_kurtosis": {
        "dmean": 0.942916512489,
        "dmean2": 1.57243037224,
        "dvar": 1.6172773838,
        "dvar2": 4.42942667007,
        "max": 50.8500137329,
        "mean": 2.68769049644,
        "median": 2.46413111687,
        "min": -1.26620090008,
        "var": 3.07602262497
    },
    "spectral_rms": {
        "dmean": 0.00105469953269,
        "dmean2": 0.00154906022362,
        "dvar": 1.39869382565e-06,
        "dvar2": 2.38980760514e-06,
        "max": 0.0126302260906,
        "mean": 0.00605112500489,
        "median": 0.00610477151349,
        "min": 3.1881179554e-12,
        "var": 4.94821370012e-06
    },
    "spectral_rolloff": {
        "dmean": 773.834533691,
        "dmean2": 1241.42199707,
        "dvar": 1204506.125,
        "dvar2": 2307233.5,
        "max": 19401.4160156,
        "mean": 1964.50708008,
        "median": 1378.125,
        "min": 64.599609375,
        "var": 4970563.5
    },
    "spectral_skewness": {
        "dmean": 0.168210923672,
        "dmean2": 0.268312960863,
        "dvar": 0.0302569828928,
        "dvar2": 0.0754341036081,
        "max": 4.63195705414,
        "mean": 1.15611958504,
        "median": 1.155554533,
        "min": -0.0654115602374,
        "var": 0.111173070967
    },
    "spectral_spread": {
        "dmean": 420681.09375,
        "dmean2": 631103.875,
        "dvar": 418879111168,
        "dvar2": 837863473152,
        "max": 42328536,
        "mean": 5045299.5,
        "median": 4833219.5,
        "min": 1159813.125,
        "var": 8.27701067776e+12
    },
    "spectral_strongpeak": {
        "dmean": 0.53952640295,
        "dmean2": 0.91381841898,
        "dvar": 0.753479123116,
        "dvar2": 1.82417631149,
        "max": 8.70137691498,
        "mean": 0.875833034515,
        "median": 0.456067383289,
        "min": 0,
        "var": 1.20285487175
    },
    "zerocrossingrate": {
        "dmean": 0.0142367193475,
        "dmean2": 0.0164655242115,
        "dvar": 0.000249226228334,
        "dvar2": 0.000274487334536,
        "max": 0.52490234375,
        "mean": 0.0742696523666,
        "median": 0.064453125,
        "min": 0.0048828125,
        "var": 0.00284045259468
    },
    "barkbands": {
        "dmean": [0.000589602859691, 0.0116082336754, 0.00262686889619, 0.00198369775899, 0.00137793028262, 0.00100944109727, 0.000886444235221, 0.00126644759439, 0.000885549932718, 0.000978115713224, 0.000417630450102, 0.000492171559017, 0.000391007575672, 0.000482397241285, 0.000325152621372, 0.000235845829593, 0.000262606976321, 0.000259860913502, 0.000309391645715, 0.000298173719784, 0.00031127044349, 0.000260687666014, 0.000201312665013, 0.000191444196389, 6.93333422532e-05, 3.19350692735e-05, 1.23603136615e-08],
        "dmean2": [0.000917921948712, 0.017818197608, 0.00457633333281, 0.00325196818449, 0.00225724116899, 0.00165659224149, 0.00138712825719, 0.00198249495588, 0.00137543096207, 0.00156274612527, 0.000663736311253, 0.000783864641562, 0.000638797180727, 0.000793148123194, 0.0005309964763, 0.000395586568629, 0.000441718962975, 0.00044808696839, 0.000508519297, 0.000494771869853, 0.000518699467648, 0.00042699711048, 0.000318499893183, 0.000282882130705, 0.000104260616354, 4.83489129692e-05, 2.31172077036e-08],
        "dvar": [9.73054625319e-07, 0.00037809056812, 2.3963419153e-05, 2.40541212406e-05, 5.31143405169e-06, 4.6359505177e-06, 6.49667663311e-06, 7.1120193752e-06, 6.77320349496e-06, 7.00658711139e-06, 1.73636897216e-06, 1.04473269857e-06, 6.86854605192e-07, 1.13908231469e-06, 3.98886385256e-07, 1.4346905175e-07, 1.2496136037e-07, 1.74557044375e-07, 1.49789329384e-07, 1.57962148251e-07, 2.92307646532e-07, 2.25774144269e-07, 1.56540323815e-07, 2.27456965263e-07, 2.35821389083e-08, 3.52423290551e-09, 4.65076611052e-15],
        "dvar2": [2.3198206236e-06, 0.000680234690662, 6.73859467497e-05, 5.87689355598e-05, 1.33588628159e-05, 1.24560237964e-05, 1.37785609695e-05, 1.68119040609e-05, 1.58654129336e-05, 1.71417286765e-05, 3.83362839784e-06, 2.49570643973e-06, 1.6337347688e-06, 2.93727589451e-06, 1.01086368431e-06, 3.7902836425e-07, 3.32539258352e-07, 4.8502130312e-07, 3.75396837171e-07, 4.05132482229e-07, 7.40887628581e-07, 5.56704378596e-07, 3.41474617471e-07, 4.33728843063e-07, 4.8544094966e-08, 7.60265361777e-09, 1.35111191034e-14],
        "max": [0.00991784781218, 0.146930605173, 0.0543898493052, 0.0628091543913, 0.0287730097771, 0.0409871339798, 0.0653779655695, 0.0470169819891, 0.0604409910738, 0.0487909838557, 0.0305725131184, 0.0275176707655, 0.0163135249168, 0.0224604625255, 0.0152196278796, 0.0105427764356, 0.00617997534573, 0.00524610700086, 0.00650502042845, 0.00655463710427, 0.00705292215571, 0.00673003541306, 0.00704815378413, 0.0101049458608, 0.00414796359837, 0.00115445326082, 1.84530063052e-06],
        "mean": [0.000737119058613, 0.016718737781, 0.00397729920223, 0.00240217335522, 0.00237414054573, 0.00173365371302, 0.00174081558362, 0.00198488426395, 0.00137262640055, 0.00158623734023, 0.000610368559137, 0.000824022630695, 0.000605147099122, 0.000802083697636, 0.000546742929146, 0.000449892715551, 0.000485840952024, 0.000442357239081, 0.000631604576483, 0.00060137140099, 0.000558131490834, 0.000479133450426, 0.000372787530068, 0.000359680008842, 0.000139808587846, 6.68594875606e-05, 7.92599674782e-09],
        "median": [0.00024996715365, 0.00810095109046, 0.00259219971485, 0.000838038919028, 0.00128931459039, 0.000771246501245, 0.000463681295514, 0.000622448162176, 0.000366994936485, 0.000359527475666, 0.000194558379008, 0.000398585252697, 0.000294242869131, 0.000358087447239, 0.000293602468446, 0.000309486495098, 0.00035703665344, 0.000334033684339, 0.000503793009557, 0.000462015799712, 0.000361588783562, 0.000286234833766, 0.000194114560145, 0.000162479889696, 7.28711747797e-05, 2.83281042357e-05, 7.34637073396e-10],
        "min": [7.90604830163e-25, 1.73873640702e-24, 1.40817795115e-24, 8.41163172098e-25, 1.34683673852e-23, 7.4687985777e-24, 7.43468980988e-24, 8.97471590196e-24, 8.68838384805e-24, 1.48565984954e-23, 2.24986601157e-23, 3.46683037046e-23, 2.64462605027e-23, 4.37466412196e-23, 2.8951510766e-23, 5.88168569372e-23, 1.07727425819e-22, 1.06238561301e-22, 1.33494576478e-22, 1.65190477536e-22, 2.70784268108e-22, 2.85483990569e-22, 3.59151507456e-22, 6.05818215099e-22, 1.00252755434e-21, 1.16014049907e-21, 1.99782818353e-21],
        "var": [1.39334315463e-06, 0.000564105168451, 2.28369444812e-05, 2.87043585558e-05, 1.03522652353e-05, 9.45460396906e-06, 2.47218504228e-05, 1.52160373545e-05, 1.19911237562e-05, 1.68959268194e-05, 3.59342766387e-06, 2.23210099648e-06, 1.15648708743e-06, 2.56712587543e-06, 8.01811609108e-07, 3.3375212638e-07, 2.348024708e-07, 1.91186444454e-07, 3.61472444865e-07, 3.27135836642e-07, 4.67906801305e-07, 4.37563016931e-07, 3.47530033196e-07, 5.34011974196e-07, 5.20934477777e-08, 9.36391497675e-09, 2.68214232122e-15]
    },
    "erbbands": {
        "dmean": [0.438384592533, 2.53771328926, 3.48281526566, 4.80134105682, 4.67042350769, 4.27283430099, 8.20158481598, 9.47327041626, 13.77368927, 14.8583211899, 27.940486908, 19.63347435, 25.7584571838, 22.1020526886, 16.2572460175, 16.0971221924, 17.5007152557, 16.285320282, 23.4525794983, 13.1942052841, 12.3364124298, 15.7878160477, 14.7730875015, 13.200345993, 15.4620933533, 13.7413721085, 11.6530122757, 13.2951450348, 10.9194660187, 5.76997518539, 5.79460716248, 4.4260892868, 3.00150370598, 1.12378513813, 0.345389485359, 0.163798883557, 0.0620133280754, 0.00420505367219, 8.34106249386e-05, 1.88951435121e-05],
        "dmean2": [0.646624684334, 3.8092417717, 6.03078174591, 7.87455749512, 7.88526010513, 6.97840642929, 12.8451299667, 15.5440559387, 21.3268013, 23.2991905212, 43.4786567688, 30.4577732086, 41.0602722168, 34.8190422058, 25.8803920746, 25.9642944336, 28.696685791, 26.8250026703, 38.248374939, 21.4583129883, 20.4053936005, 26.5637435913, 25.6510601044, 21.9288139343, 25.2384147644, 22.9124851227, 19.2844753265, 22.18891716, 17.9971179962, 9.34600639343, 9.18769741058, 6.68248414993, 4.48200798035, 1.67133939266, 0.525149166584, 0.253621250391, 0.0940090119839, 0.00646640686318, 0.000125152961118, 2.78463539871e-05],
        "dvar": [0.469059675932, 20.4015083313, 47.1882972717, 96.9320449829, 136.270675659, 50.1148300171, 239.227340698, 563.826477051, 1625.63769531, 955.554443359, 3508.36962891, 4024.12011719, 4126.51806641, 3909.4609375, 1820.6965332, 1165.5177002, 1352.54846191, 1042.37329102, 2183.15551758, 539.112243652, 426.605529785, 468.455932617, 597.997802734, 303.750762939, 445.336120605, 342.25958252, 318.251098633, 604.481750488, 413.447174072, 107.821853638, 137.340179443, 108.580345154, 57.5562591553, 7.12000083923, 0.490488290787, 0.0938085094094, 0.0134331714362, 6.39596837573e-05, 2.25884075888e-08, 4.69072336529e-10],
        "dvar2": [0.962932229042, 42.4906730652, 130.213302612, 237.110092163, 363.381652832, 125.110313416, 540.102478027, 1564.61669922, 3458.34692383, 2112.79833984, 8310.18945312, 9666.51464844, 10232.2373047, 9611.23144531, 4240.48632812, 2878.26391602, 3280.10668945, 2599.71777344, 5647.97949219, 1356.64575195, 1198.20117188, 1251.1060791, 1664.00512695, 800.146179199, 1085.26293945, 885.587219238, 815.928649902, 1520.68530273, 1041.08447266, 247.794021606, 301.195281982, 208.888336182, 112.442893982, 14.6092147827, 1.04114866257, 0.209556207061, 0.0290872696787, 0.000142893273733, 4.87358491341e-08, 8.78967121309e-10],
        "max": [6.09306335449, 35.204334259, 64.6084899902, 114.337402344, 143.993911743, 114.687942505, 300.30770874, 476.631561279, 1177.32556152, 680.305053711, 957.759094238, 1899.17333984, 1118.06347656, 1473.70324707, 1180.17004395, 737.029602051, 806.020935059, 573.112060547, 832.737670898, 549.236083984, 611.009094238, 331.554046631, 315.656982422, 313.940002441, 390.97354126, 317.085296631, 269.818237305, 376.09475708, 328.22833252, 169.604141235, 207.919189453, 177.278930664, 160.93560791, 78.0183258057, 15.2835140228, 6.22781419754, 1.92919576168, 0.144345164299, 0.00273147691041, 0.000252026104135],
        "mean": [0.535279631615, 3.49602127075, 5.32961654663, 6.76543951035, 5.66570091248, 7.17563819885, 14.9337329865, 16.555891037, 27.09856987, 24.3692054749, 44.6488761902, 31.9488887787, 44.0879096985, 35.9172782898, 26.7770862579, 28.8018321991, 29.5051383972, 29.8620223999, 41.6475143433, 25.8322238922, 25.2847862244, 29.7779922485, 25.4183216095, 26.8163661957, 32.6943626404, 27.8440799713, 22.6980381012, 22.6285457611, 19.1494102478, 11.1959276199, 10.6238393784, 8.27958583832, 5.46163892746, 2.16084647179, 0.7178196311, 0.33527842164, 0.126238942146, 0.00790052581578, 0.00018859031843, 6.27564513707e-05],
        "median": [0.208016499877, 1.73167252541, 3.54923200607, 3.36888933182, 2.47335481644, 3.76320886612, 6.07909584045, 6.75883102417, 8.04483413696, 9.25507164001, 14.585231781, 9.76927566528, 13.0174789429, 10.6630220413, 11.4383087158, 14.9339342117, 15.5148391724, 16.3196029663, 21.411655426, 17.723815918, 18.4188117981, 22.0985565186, 19.4297790527, 22.1538181305, 25.6529560089, 21.6561336517, 16.3016357422, 13.3839521408, 11.0308666229, 6.60306739807, 5.42726039886, 3.56465530396, 2.53116631508, 1.09838306904, 0.365817666054, 0.148830860853, 0.0505570955575, 0.00299957720563, 9.94320143946e-05, 5.97640791966e-05],
        "min": [8.90540658283e-23, 6.12205186398e-22, 2.61744401762e-21, 3.08777051286e-21, 1.8870272597e-20, 5.17811961531e-20, 5.78237440654e-20, 7.33821260458e-20, 1.08210662673e-19, 1.25975820356e-19, 1.90986503786e-19, 2.30856803182e-19, 8.02939050726e-19, 9.71282609693e-19, 1.07959208814e-18, 1.70738577712e-18, 1.53825277765e-18, 2.2573014454e-18, 2.94892121763e-18, 2.36974775749e-18, 4.9306714302e-18, 6.33128424905e-18, 5.92752870667e-18, 6.06666875751e-18, 6.58430887227e-18, 8.99718396574e-18, 1.04037475219e-17, 9.45010091987e-18, 1.05254506054e-17, 1.19181779115e-17, 1.03004434168e-17, 1.17347803892e-17, 1.09778422999e-17, 8.46338198258e-18, 7.44569671187e-18, 4.30021463323e-18, 2.2188638099e-18, 9.65619007436e-19, 2.74211070995e-19, 2.76467994522e-20],
        "var": [0.638171732426, 26.9946117401, 43.948387146, 129.405059814, 122.079292297, 96.1110076904, 628.976501465, 1161.10534668, 5999.74121094, 2183.83837891, 7316.93212891, 6685.04394531, 10123.5283203, 7915.79833984, 3702.21313477, 2230.69970703, 2315.66772461, 2112.09472656, 4700.99609375, 1116.7166748, 903.129394531, 880.193786621, 619.68548584, 568.007446289, 1081.75, 671.469787598, 588.920898438, 945.454223633, 743.927734375, 237.499588013, 300.00680542, 277.037567139, 120.577377319, 14.7048358917, 1.18404948711, 0.231727898121, 0.0349231287837, 0.000151735453983, 6.06790280244e-08, 1.383289705e-09]
    },
    "gfcc": {
        "mean": [30.3229904175, 76.010635376, -118.764251709, 49.4228401184, -58.6681251526, 23.6618843079, -31.1222171783, 16.8788833618, -20.0585632324, 10.1213264465, -12.6706638336, 1.03884673119, -10.5215711594],
        "cov": [[16953.4082031, -271.435913086, -357.534698486, 758.176025391, -676.652526855, 353.263244629, -624.874328613, 122.195243835, -467.244476318, 158.439376831, -441.260040283, 80.7411270142, -373.391387939], [-271.435913086, 1093.99230957, -236.321273804, -73.6446075439, 152.436325073, -142.415740967, 168.660995483, -21.636089325, 112.041213989, -61.9840774536, 164.897216797, -75.8976516724, 88.2936325073], [-357.534698486, -236.321273804, 605.277648926, 177.072525024, 107.263801575, 85.7121276855, -54.7950897217, 24.753364563, 21.2706451416, 48.8113632202, -39.0262107849, 52.5425720215, -38.2560997009], [758.176025391, -73.6446075439, 177.072525024, 351.626342773, 60.8481826782, 63.7356185913, -29.6492614746, 2.57813072205, 28.1759052277, -0.239153891802, -17.1295261383, 12.3949117661, 0.377952307463], [-676.652526855, 152.436325073, 107.263801575, 60.8481826782, 302.185882568, 63.0774650574, 117.752975464, 48.1051292419, 55.6233863831, 8.14824199677, 26.5722732544, 23.1168022156, 31.2798748016], [353.263244629, -142.415740967, 85.7121276855, 63.7356185913, 63.0774650574, 211.720428467, 59.8556404114, 61.8355522156, 12.1836853027, 6.29073858261, -37.0576858521, 7.59453392029, -1.95085310936], [-624.874328613, 168.660995483, -54.7950897217, -29.6492614746, 117.752975464, 59.8556404114, 192.669723511, 58.2387924194, 60.3284339905, -9.40838336945, 43.0972137451, -11.4050035477, 38.7567253113], [122.195243835, -21.636089325, 24.753364563, 2.57813072205, 48.1051292419, 61.8355522156, 58.2387924194, 105.317375183, 43.7586288452, 28.6618900299, -7.49813842773, 5.13745594025, 0.0115340407938], [-467.244476318, 112.041213989, 21.2706451416, 28.1759052277, 55.6233863831, 12.1836853027, 60.3284339905, 43.7586288452, 130.340652466, 25.8471755981, 34.711063385, -17.5415344238, 25.8889694214], [158.439376831, -61.9840774536, 48.8113632202, -0.239153891802, 8.14824199677, 6.29073858261, -9.40838336945, 28.6618900299, 25.8471755981, 91.3237838745, 21.7755355835, 30.117181778, -10.228260994], [-441.260040283, 164.897216797, -39.0262107849, -17.1295261383, 26.5722732544, -37.0576858521, 43.0972137451, -7.49813842773, 34.711063385, 21.7755355835, 122.6067276, 24.719587326, 43.5026016235], [80.7411270142, -75.8976516724, 52.5425720215, 12.3949117661, 23.1168022156, 7.59453392029, -11.4050035477, 5.13745594025, -17.5415344238, 30.117181778, 24.719587326, 91.6016464233, 23.7089271545], [-373.391387939, 88.2936325073, -38.2560997009, 0.377952307463, 31.2798748016, -1.95085310936, 38.7567253113, 0.0115340407938, 25.8889694214, -10.228260994, 43.5026016235, 23.7089271545, 94.7698974609]],
        "icov": [[0.00022310942586, -0.000528916192707, 0.000394004106056, -0.000718928698916, 0.000564840622246, -0.000670216511935, 0.000621610612143, -0.000697168812621, 0.000874110730365, -0.000841684290208, 0.000790777557995, -0.000645260035526, 0.000548184732907], [-0.000528916192707, 0.00316896219738, -0.000587621587329, 0.00175175769255, -0.00232596439309, 0.0027319919318, -0.00199253414758, 0.00177270651329, -0.0027073926758, 0.00312074320391, -0.00381878623739, 0.0031020892784, -0.00158862222452], [0.000394004106056, -0.000587621587329, 0.00328598148189, -0.00200435100123, -0.000171219100594, -0.0016691586934, 0.00218647299334, -0.00101257802453, 0.000611778581515, -0.00175788707566, 0.00152833864558, -0.00218526110984, 0.00205068266951], [-0.000718928698916, 0.00175175769255, -0.00200435100123, 0.00609352672473, -0.00250198529102, 0.000998662319034, -0.000525233335793, 0.00279091391712, -0.00415416480973, 0.00370787386782, -0.00271815387532, 0.00195920630358, -0.00194460630883], [0.000564840622246, -0.00232596439309, -0.000171219100594, -0.00250198529102, 0.00731202121824, -0.00215539615601, -0.00173520727549, -0.00188123970293, 0.0020107945893, -0.00253516039811, 0.00321619398892, -0.00373037601821, 0.0012193886796], [-0.000670216511935, 0.0027319919318, -0.0016691586934, 0.000998662319034, -0.00215539615601, 0.0100534744561, -0.00500972056761, -0.000675748102367, -0.00167572463397, 0.00274167070165, -0.000931071524974, 0.00243165297434, -0.00232378137298], [0.000621610612143, -0.00199253414758, 0.00218647299334, -0.000525233335793, -0.00173520727549, -0.00500972056761, 0.0139475688338, -0.00606654770672, 0.000569401890971, 0.000536947394721, -0.00124618981499, -0.000315058161505, 0.000509880075697], [-0.000697168812621, 0.00177270651329, -0.00101257802453, 0.00279091391712, -0.00188123970293, -0.000675748102367, -0.00606654770672, 0.0188982803375, -0.00695526786149, -0.00177754613105, 0.00113322294783, 9.58936288953e-05, -0.000568615447264], [0.000874110730365, -0.0027073926758, 0.000611778581515, -0.00415416480973, 0.0020107945893, -0.00167572463397, 0.000569401890971, -0.00695526786149, 0.0173472166061, -0.00803233031183, 0.00128915987443, 0.00335450936109, -0.00173706095666], [-0.000841684290208, 0.00312074320391, -0.00175788707566, 0.00370787386782, -0.00253516039811, 0.00274167070165, 0.000536947394721, -0.00177754613105, -0.00803233031183, 0.0215262770653, -0.00813387148082, -0.00269353948534, 0.00265082274564], [0.000790777557995, -0.00381878623739, 0.00152833864558, -0.00271815387532, 0.00321619398892, -0.000931071524974, -0.00124618981499, 0.00113322294783, 0.00128915987443, -0.00813387148082, 0.0187611375004, -0.00712045095861, -0.00133063516114], [-0.000645260035526, 0.0031020892784, -0.00218526110984, 0.00195920630358, -0.00373037601821, 0.00243165297434, -0.000315058161505, 9.58936288953e-05, 0.00335450936109, -0.00269353948534, -0.00712045095861, 0.0213063918054, -0.00818106718361], [0.000548184732907, -0.00158862222452, 0.00205068266951, -0.00194460630883, 0.0012193886796, -0.00232378137298, 0.000509880075697, -0.000568615447264, -0.00173706095666, 0.00265082274564, -0.00133063516114, -0.00818106718361, 0.0177866909653]]
    },
    "melbands": {
        "dmean": [0.00345379370265, 0.00222199177369, 0.000821645196993, 0.000280590291368, 0.00027306494303, 0.000209789475775, 0.000194843742065, 0.000197439207113, 0.000219080247916, 0.000120865763165, 0.000137191615067, 0.000103715945443, 5.31069672434e-05, 5.3354557167e-05, 4.63236356154e-05, 4.11089458794e-05, 3.38700738212e-05, 4.61954041384e-05, 2.41187044594e-05, 1.73394473677e-05, 1.49627421706e-05, 1.86064571608e-05, 1.35605951073e-05, 1.28035053422e-05, 1.14741133075e-05, 1.34687406899e-05, 1.18837197078e-05, 9.38454013522e-06, 7.92582159193e-06, 7.93351864559e-06, 8.09235734778e-06, 7.2579055086e-06, 3.97803751184e-06, 3.36061339112e-06, 3.61862157661e-06, 3.31110436491e-06, 2.74873218586e-06, 2.37157223637e-06, 1.60234185387e-06, 8.12084977042e-07],
        "dmean2": [0.0052235214971, 0.00353420944884, 0.00136085774284, 0.000468304933747, 0.000427793740528, 0.000341259932611, 0.000303190667182, 0.000311155279633, 0.000340098165907, 0.000187825658941, 0.000218421788304, 0.000163888529642, 8.3629245637e-05, 8.48431882332e-05, 7.58149762987e-05, 6.76763738738e-05, 5.59845830139e-05, 7.55850269343e-05, 3.93260961573e-05, 2.90743410005e-05, 2.49398071901e-05, 3.14496683131e-05, 2.32117563428e-05, 2.22411836148e-05, 1.90643258975e-05, 2.21928257815e-05, 1.97497629415e-05, 1.56767709996e-05, 1.31018214233e-05, 1.33682269734e-05, 1.34841902764e-05, 1.20763943414e-05, 6.52706239634e-06, 5.52453047931e-06, 5.84173994866e-06, 5.20122102898e-06, 4.12399958805e-06, 3.62550963473e-06, 2.39221958509e-06, 1.24294456327e-06],
        "dvar": [3.09602764901e-05, 1.70785751834e-05, 3.18775732921e-06, 2.84998407096e-07, 2.55133642213e-07, 2.44224025892e-07, 3.11504038564e-07, 1.67064300172e-07, 2.28851504858e-07, 1.4898687084e-07, 1.21454618807e-07, 8.2280116942e-08, 2.23389182707e-08, 1.49000785044e-08, 9.4015426555e-09, 9.28731491712e-09, 5.50038503633e-09, 9.74601022108e-09, 2.41401121315e-09, 8.33963120783e-10, 6.48387399327e-10, 7.07599867589e-10, 3.63802182823e-10, 4.45954606576e-10, 2.29196966961e-10, 3.24387905426e-10, 2.90896501332e-10, 1.58348154033e-10, 1.37078959295e-10, 2.10710476845e-10, 2.27949686904e-10, 1.79388184862e-10, 5.2670267453e-11, 3.8598020613e-11, 5.37265926193e-11, 4.6410153498e-11, 4.77893974393e-11, 3.55632849558e-11, 1.75985337414e-11, 3.10785164964e-12],
        "dvar2": [5.49798860447e-05, 4.30641885032e-05, 7.9589899542e-06, 7.58750616114e-07, 5.7110509033e-07, 6.60091870941e-07, 6.70868587349e-07, 3.83888220767e-07, 5.51919811187e-07, 3.55397787644e-07, 3.01331397168e-07, 2.01315771164e-07, 5.00610681797e-08, 3.42780275275e-08, 2.43568649694e-08, 2.24652438874e-08, 1.38224622859e-08, 2.52639438258e-08, 5.94043525481e-09, 2.01972261138e-09, 1.85899340366e-09, 1.88833126913e-09, 9.9697095024e-10, 1.24796140089e-09, 6.04624461609e-10, 8.27066970466e-10, 7.28531124317e-10, 4.13172190905e-10, 3.52560147743e-10, 5.54689516541e-10, 5.67635161097e-10, 4.59906585037e-10, 1.28271879229e-10, 9.0237456396e-11, 1.23835233734e-10, 9.7555415135e-11, 9.4258635619e-11, 7.20439194413e-11, 3.62415375488e-11, 6.65367283839e-12],
        "max": [0.046140987426, 0.03616547212, 0.0220424626023, 0.00769133353606, 0.00840858835727, 0.00945230852813, 0.0151486983523, 0.0074143470265, 0.0105392020196, 0.011383427307, 0.00614351872355, 0.00577040528879, 0.00392987392843, 0.00358044030145, 0.00231827097014, 0.00196264032274, 0.00134369533043, 0.00189154897816, 0.00162414682563, 0.00104625546373, 0.000736320042051, 0.000433832086856, 0.000232354184845, 0.000298073195154, 0.000306863454171, 0.000411482236814, 0.000349422945874, 0.000220617468585, 0.000207789140404, 0.000169648425072, 0.000279514497379, 0.000173065069248, 0.000140779404319, 0.000111891939014, 0.000132293018396, 0.000139557028888, 0.000156413865625, 0.000121948578453, 0.000122865589219, 4.51287451142e-05],
        "mean": [0.00476065371186, 0.00347428303212, 0.00114484212827, 0.000404167716624, 0.000513316539582, 0.000373386807041, 0.000385068851756, 0.000317440746585, 0.000348362635123, 0.000190437247511, 0.000230349294725, 0.000163912380231, 8.16898464109e-05, 8.70023141033e-05, 7.48510065023e-05, 6.10708011664e-05, 5.68708346691e-05, 7.64949872973e-05, 3.99516393372e-05, 3.17246485793e-05, 2.75390084425e-05, 3.23232088704e-05, 2.3236270863e-05, 2.07486846193e-05, 2.14274605241e-05, 2.54864971794e-05, 2.24637660722e-05, 1.72842646862e-05, 1.45697149492e-05, 1.29317759274e-05, 1.30842136059e-05, 1.18318039313e-05, 7.29433259039e-06, 5.94894254391e-06, 6.2178837652e-06, 5.70900147068e-06, 4.82321684103e-06, 4.10159009334e-06, 2.79585424323e-06, 1.49331117427e-06],
        "median": [0.00206483528018, 0.00236573535949, 0.000595572288148, 0.000222138536628, 0.000218617264181, 0.00015644566156, 0.000109117900138, 0.000109017564682, 0.000106116633106, 4.84141310153e-05, 6.14891032455e-05, 4.46101184934e-05, 3.11580952257e-05, 3.95386414311e-05, 3.58442775905e-05, 2.76868158835e-05, 2.74314406852e-05, 3.42361745425e-05, 2.18302157009e-05, 2.08064248e-05, 1.93804262381e-05, 2.24322338909e-05, 1.77497095137e-05, 1.50493033289e-05, 1.70704224729e-05, 1.95011671167e-05, 1.65076307894e-05, 1.29243326228e-05, 1.00437555375e-05, 7.9758301581e-06, 7.34588365958e-06, 6.33774470771e-06, 4.46516605734e-06, 3.22978621625e-06, 3.1874974411e-06, 2.54413498624e-06, 1.93971254703e-06, 1.84634109246e-06, 1.32473564918e-06, 7.51883362682e-07],
        "min": [1.2269751221e-24, 1.32199617915e-24, 5.8762367159e-25, 2.15286846353e-24, 2.08264406574e-24, 1.59477688461e-24, 1.63138012922e-24, 1.16493919912e-24, 1.18474197443e-24, 1.09655235421e-24, 3.02214111626e-24, 3.41578349683e-24, 3.23191540261e-24, 4.44430941695e-24, 3.05727875591e-24, 2.89256499333e-24, 3.98224045261e-24, 4.6660049693e-24, 2.39655035816e-24, 4.29955265198e-24, 5.203810497e-24, 4.91683907133e-24, 5.08503210493e-24, 4.24010488303e-24, 4.30585328403e-24, 3.96610627494e-24, 5.10628046785e-24, 5.00008125177e-24, 5.90277084131e-24, 6.17108255113e-24, 4.30138359814e-24, 5.32052522894e-24, 5.09550305016e-24, 6.03818078785e-24, 4.91917449404e-24, 5.8616550165e-24, 5.82743817474e-24, 7.36183061667e-24, 6.49481647271e-24, 6.64187276722e-24],
        "var": [4.70863706141e-05, 1.90168138943e-05, 3.81689415008e-06, 3.23102000266e-07, 7.08735683475e-07, 5.23311371126e-07, 1.16170451747e-06, 3.63814990578e-07, 5.04240517785e-07, 2.59767801936e-07, 3.04400856521e-07, 1.65736068425e-07, 4.40585914419e-08, 3.22798250352e-08, 1.8203158092e-08, 1.46871173001e-08, 1.08240598706e-08, 2.0836953496e-08, 4.74219596924e-09, 1.89085924696e-09, 1.15409781731e-09, 1.23076770997e-09, 4.67144545269e-10, 4.69096927969e-10, 4.10932454731e-10, 6.95221546998e-10, 5.65247182394e-10, 2.88409407467e-10, 2.63241622944e-10, 2.90996976515e-10, 3.5826261402e-10, 3.07031289282e-10, 1.01324226787e-10, 7.74799321923e-11, 1.05566881625e-10, 1.04799439959e-10, 1.14423664987e-10, 7.12805994785e-11, 3.18701315338e-11, 6.46628540643e-12]
    },
    "mfcc": {
        "mean": [-600.794189453, 95.3782577515, 2.41755533218, 28.4573192596, 2.99129509926, 9.99880981445, 5.66649723053, 5.8788228035, 3.06484985352, 7.68095445633, 3.35392069817, 4.61170291901, 0.735142529011],
        "cov": [[7390.25390625, -126.141273499, 455.02130127, 231.208633423, 166.216217041, 156.025878906, -47.4049682617, 4.15258455276, -22.5631198883, 31.5567398071, -47.4520721436, -72.5230636597, -53.2579154968], [-126.141273499, 1083.41479492, -265.389831543, 68.1840209961, -32.2845954895, -55.7696266174, 76.5229873657, 22.8017234802, 1.41662490368, 19.2053508759, 54.5744400024, 41.4877204895, 53.5046806335], [455.02130127, -265.389831543, 439.012054443, 73.3944320679, 107.144775391, 64.1463928223, -49.4066696167, -7.20607233047, 5.68975162506, 0.359056502581, -7.09219503403, 28.3234500885, -2.56319880486], [231.208633423, 68.1840209961, 73.3944320679, 255.008575439, 102.932380676, 46.5008850098, -2.46073865891, 15.9371204376, 5.7831993103, 7.90887498856, -4.48988771439, 40.2535629272, 26.2092628479], [166.216217041, -32.2845954895, 107.144775391, 102.932380676, 191.945388794, 83.9789733887, 18.5131206512, 40.1634178162, 36.0680122375, 25.5260982513, 1.67054092884, 14.9363698959, 16.431137085], [156.025878906, -55.7696266174, 64.1463928223, 46.5008850098, 83.9789733887, 136.949981689, 49.3785324097, 57.7486953735, 41.8970222473, 23.957403183, 9.65139389038, 4.70784330368, 0.904828548431], [-47.4049682617, 76.5229873657, -49.4066696167, -2.46073865891, 18.5131206512, 49.3785324097, 130.987960815, 64.4643173218, 28.9895954132, 16.7634620667, 11.7098855972, 7.2748374939, 7.80606460571], [4.15258455276, 22.8017234802, -7.20607233047, 15.9371204376, 40.1634178162, 57.7486953735, 64.4643173218, 116.286865234, 61.0246543884, 35.9838638306, 18.2448043823, -1.16357326508, 3.53792405128], [-22.5631198883, 1.41662490368, 5.68975162506, 5.7831993103, 36.0680122375, 41.8970222473, 28.9895954132, 61.0246543884, 109.54549408, 55.0584068298, 23.3955249786, 1.10514128208, -2.53105020523], [31.5567398071, 19.2053508759, 0.359056502581, 7.90887498856, 25.5260982513, 23.957403183, 16.7634620667, 35.9838638306, 55.0584068298, 97.3222732544, 43.0376663208, 6.29690361023, -3.21407938004], [-47.4520721436, 54.5744400024, -7.09219503403, -4.48988771439, 1.67054092884, 9.65139389038, 11.7098855972, 18.2448043823, 23.3955249786, 43.0376663208, 74.4612426758, 28.4093360901, 10.9735355377], [-72.5230636597, 41.4877204895, 28.3234500885, 40.2535629272, 14.9363698959, 4.70784330368, 7.2748374939, -1.16357326508, 1.10514128208, 6.29690361023, 28.4093360901, 87.2769775391, 40.6865615845], [-53.2579154968, 53.5046806335, -2.56319880486, 26.2092628479, 16.431137085, 0.904828548431, 7.80606460571, 3.53792405128, -2.53105020523, -3.21407938004, 10.9735355377, 40.6865615845, 73.0974578857]],
