{
"lowlevel": {
    "average_loudness": 0.422150671482,
    "barkbands_crest": {
        "dmean": 3.12866616249,
        "dmean2": 5.07086277008,
        "dvar": 8.38201141357,
        "dvar2": 20.8490409851,
        "max": 26.9600791931,
        "mean": 13.2430934906,
        "median": 12.7780570984,
        "min": 2.472676754,
        "var": 27.0799255371
    },
    "barkbands_flatness_db": {
        "dmean": 0.0270757805556,
        "dmean2": 0.0400714538991,
        "dvar": 0.00072687031934,
        "dvar2": 0.00147015193943,
        "max": 0.594113051891,
        "mean": 0.157607495785,
        "median": 0.15105818212,
        "min": 0.0160941965878,
        "var": 0.00541869085282
    },
    "barkbands_kurtosis": {
        "dmean": 7.54512548447,
        "dmean2": 11.3187732697,
        "dvar": 1069.78637695,
        "dvar2": 1206.16357422,
        "max": 5469.9375,
        "mean": 14.9747476578,
        "median": 5.20507192612,
        "min": -1.86411082745,
        "var": 10599.9140625
    },
    "barkbands_skewness": {
        "dmean": 0.767477035522,
        "dmean2": 1.16637074947,
        "dvar": 0.838937580585,
        "dvar2": 1.77396869659,
        "max": 70.741569519,
        "mean": 2.39074587822,
        "median": 2.17056417465,
        "min": -2.53166747093,
        "var": 6.39689540863
    },
    "barkbands_spread": {
        "dmean": 6.89792013168,
        "dmean2": 10.5697917938,
        "dvar": 90.0708312988,
        "dvar2": 200.411636353,
        "max": 124.867973328,
        "mean": 21.8559627533,
        "median": 14.8987216949,
        "min": 0.0907651036978,
        "var": 380.22265625
    },
    "dissonance": {
        "dmean": 0.0187395885587,
        "dmean2": 0.030987739563,
        "dvar": 0.000411766610341,
        "dvar2": 0.00106000923552,
        "max": 0.500000059605,
        "mean": 0.460471093655,
        "median": 0.470877528191,
        "min": 0.224523961544,
        "var": 0.00116943148896
    },
    "dynamic_complexity": 5.40856170654,
    "erbbands_crest": {
        "dmean": 2.19676375389,
        "dmean2": 3.44327735901,
        "dvar": 4.68633031845,
        "dvar2": 10.2333898544,
        "max": 29.6521968842,
        "mean": 8.63051795959,
        "median": 7.53827476501,
        "min": 2.12213110924,
        "var": 19.4697952271
    },
    "erbbands_flatness_db": {
        "dmean": 0.0165804475546,
        "dmean2": 0.0232111234218,
        "dvar": 0.000367760221707,
        "dvar2": 0.000618875492364,
        "max": 0.371896415949,
        "mean": 0.138400137424,
        "median": 0.128413721919,
        "min": 0.0294791441411,
        "var": 0.00233316095546
    },
    "erbbands_kurtosis": {
        "dmean": 0.952495038509,
        "dmean2": 1.46956634521,
        "dvar": 1.5563378334,
        "dvar2": 3.46579766273,
        "max": 20.8114700317,
        "mean": 0.584676921368,
        "median": 0.0216993093491,
        "min": -1.85039925575,
        "var": 4.55056381226
    },
    "erbbands_skewness": {
        "dmean": 0.384661138058,
        "dmean2": 0.568536520004,
        "dvar": 0.141134902835,
        "dvar2": 0.288777083158,
        "max": 4.05305147171,
        "mean": 0.392183333635,
        "median": 0.445127397776,
        "min": -2.78264975548,
        "var": 0.889041304588
    },
    "erbbands_spread": {
        "dmean": 9.8980922699,
        "dmean2": 14.875289917,
        "dvar": 113.249679565,
        "dvar2": 231.509002686,
        "max": 169.784423828,
        "mean": 50.0108413696,
        "median": 46.1605300903,
        "min": 3.77317857742,
        "var": 736.533569336
    },
    "hfc": {
        "dmean": 4.5374083519,
        "dmean2": 6.27849721909,
        "dvar": 118.998130798,
        "dvar2": 207.795791626,
        "max": 187.839904785,
        "mean": 11.7521924973,
        "median": 4.17509746552,
        "min": 1.07743596742e-16,
        "var": 463.66317749
    },
    "melbands_crest": {
        "dmean": 3.47025942802,
        "dmean2": 5.61861848831,
        "dvar": 10.0543394089,
        "dvar2": 25.483045578,
        "max": 39.9837303162,
        "mean": 16.7451839447,
        "median": 16.3770980835,
        "min": 1.52294564247,
        "var": 37.5022087097
    },
    "melbands_flatness_db": {
        "dmean": 0.0315126739442,
        "dmean2": 0.0468222275376,
        "dvar": 0.000994855538011,
        "dvar2": 0.00201737228781,
        "max": 0.596331834793,
        "mean": 0.234295770526,
        "median": 0.224445357919,
        "min": 0.00278701959178,
        "var": 0.00982419494539
    },
    "melbands_kurtosis": {
        "dmean": 16.4463863373,
        "dmean2": 24.8622817993,
        "dvar": 4188.98242188,
        "dvar2": 6581.71337891,
        "max": 9583.03125,
        "mean": 36.0649299622,
        "median": 19.0663299561,
        "min": -1.7525254488,
        "var": 23362.0527344
    },
    "melbands_skewness": {
        "dmean": 1.02096796036,
        "dmean2": 1.54218900204,
        "dvar": 1.41451895237,
        "dvar2": 2.89571690559,
        "max": 93.9847488403,
        "mean": 3.92296719551,
        "median": 3.60684037209,
        "min": -1.46893775463,
        "var": 10.0242547989
    },
    "melbands_spread": {
        "dmean": 6.95563459396,
        "dmean2": 10.9516649246,
        "dvar": 122.730934143,
        "dvar2": 293.925384521,
        "max": 194.560333252,
        "mean": 20.4157791138,
        "median": 11.781463623,
        "min": 0.0970012545586,
        "var": 632.192138672
    },
    "pitch_salience": {
        "dmean": 0.0846412628889,
        "dmean2": 0.136835798621,
        "dvar": 0.00626346562058,
        "dvar2": 0.015694687143,
        "max": 0.874601602554,
        "mean": 0.525206029415,
        "median": 0.537345409393,
        "min": 0.00245982781053,
        "var": 0.019200399518
    },
    "silence_rate_20dB": {
        "dmean": 0,
        "dmean2": 0,
        "dvar": 0,
        "dvar2": 0,
        "max": 1,
        "mean": 1,
        "median": 1,
        "min": 1,
        "var": 0
    },
    "silence_rate_30dB": {
        "dmean": 0.00141252914909,
        "dmean2": 0.00282525783405,
        "dvar": 0.00141045229975,
        "dvar2": 0.00324073829688,
        "max": 1,
        "mean": 0.998305082321,
        "median": 1,
        "min": 0,
        "var": 0.00169285014272
    },
    "silence_rate_60dB": {
        "dmean": 0.0782541111112,
        "dmean2": 0.156519278884,
        "dvar": 0.0721215009689,
        "dvar2": 0.149404719472,
        "max": 1,
        "mean": 0.222457632422,
        "median": 0,
        "min": 0,
        "var": 0.172960802913
    },
    "spectral_centroid": {
        "dmean": 283.413909912,
        "dmean2": 427.961303711,
        "dvar": 125773.242188,
        "dvar2": 264477.21875,
        "max": 11813.2548828,
        "mean": 1417.58886719,
        "median": 1044.17089844,
        "min": 124.358078003,
        "var": 2163927.75
    },
    "spectral_complexity": {
        "dmean": 2.54481244087,
        "dmean2": 3.68682026863,
        "dvar": 14.4937038422,
        "dvar2": 23.6915683746,
        "max": 61,
        "mean": 8.61786746979,
        "median": 7,
        "min": 0,
        "var": 50.626499176
    },
    "spectral_decrease": {
        "dmean": 1.60121826909e-09,
        "dmean2": 2.32395658273e-09,
        "dvar": 6.38433092815e-18,
        "dvar2": 1.24370608652e-17,
        "max": 1.70105997316e-21,
        "mean": -4.03285937978e-09,
        "median": -2.26190000063e-09,
        "min": -3.06609813094e-08,
        "var": 2.18827487765e-17
    },
    "spectral_energy": {
        "dmean": 0.00638016173616,
        "dmean2": 0.00920391455293,
        "dvar": 0.000104055259726,
        "dvar2": 0.000199053145479,
        "max": 0.13048826158,
        "mean": 0.0162869151682,
        "median": 0.00903710722923,
        "min": 9.72034154978e-21,
        "var": 0.000369328976376
    },
    "spectral_energyband_high": {
        "dmean": 0.000221627560677,
        "dmean2": 0.000328108755639,
        "dvar": 3.13582205536e-07,
        "dvar2": 6.5147105488e-07,
        "max": 0.0125804515556,
        "mean": 0.000426122191129,
        "median": 0.000229540732107,
        "min": 6.83702904131e-21,
        "var": 5.1044526117e-07
    },
    "spectral_energyband_low": {
        "dmean": 0.00319879478775,
        "dmean2": 0.00491401506588,
        "dvar": 4.15879621869e-05,
        "dvar2": 9.62185440585e-05,
        "max": 0.101505503058,
        "mean": 0.00565215526149,
        "median": 0.00238788500428,
        "min": 4.79129856358e-24,
        "var": 7.58913301979e-05
    },
    "spectral_energyband_middle_high": {
        "dmean": 0.00161257607397,
        "dmean2": 0.00227150111459,
        "dvar": 3.534930147e-05,
        "dvar2": 5.89751216467e-05,
        "max": 0.116604343057,
        "mean": 0.00385494320653,
        "median": 0.000367813336197,
        "min": 1.16064779343e-21,
        "var": 0.000135338050313
    },
    "spectral_energyband_middle_low": {
        "dmean": 0.00285035511479,
        "dmean2": 0.0041559971869,
        "dvar": 2.63357469521e-05,
        "dvar2": 5.43574533367e-05,
        "max": 0.108233980834,
        "mean": 0.00667854351923,
        "median": 0.00305888056755,
        "min": 1.38390613288e-22,
        "var": 8.91652598511e-05
    },
    "spectral_entropy": {
        "dmean": 0.188486784697,
        "dmean2": 0.267459362745,
        "dvar": 0.0392486453056,
        "dvar2": 0.0709395855665,
        "max": 9.83033657074,
        "mean": 7.54570198059,
        "median": 7.60260295868,
        "min": 4.97219181061,
        "var": 0.388361692429
    },
    "spectral_flux": {
        "dmean": 0.0213969554752,
        "dmean2": 0.0341466404498,
        "dvar": 0.00076086493209,
        "dvar2": 0.00193841941655,
        "max": 0.283428192139,
        "mean": 0.0518625341356,
        "median": 0.0418493226171,
        "min": 6.29116134188e-11,
        "var": 0.00145733344834
    },
    "spectral_kurtosis": {
        "dmean": 1.47132575512,
        "dmean2": 2.34242749214,
        "dvar": 5.93793058395,
        "dvar2": 13.9736537933,
        "max": 52.6911201477,
        "mean": 4.52229976654,
        "median": 2.55461597443,
        "min": -1.27888691425,
        "var": 28.9111499786
    },
    "spectral_rms": {
        "dmean": 0.000737358815968,
        "dmean2": 0.00102439546026,
        "dvar": 7.90537001194e-07,
        "dvar2": 1.39519704589e-06,
        "max": 0.0112829795107,
        "mean": 0.00339662400074,
        "median": 0.00296929129399,
        "min": 3.07949022185e-12,
        "var": 4.35260562881e-06
    },
    "spectral_rolloff": {
        "dmean": 590.24420166,
        "dmean2": 992.09375,
        "dvar": 1435774.25,
        "dvar2": 3449485.5,
        "max": 19702.8808594,
        "mean": 1598.97363281,
        "median": 559.86328125,
        "min": 21.533203125,
        "var": 7710960.5
    },
    "spectral_skewness": {
        "dmean": 0.209991917014,
        "dmean2": 0.318252593279,
        "dvar": 0.0619233734906,
        "dvar2": 0.129747629166,
        "max": 5.90494060516,
        "mean": 1.54770338535,
        "median": 1.33477568626,
        "min": -0.0970315262675,
        "var": 0.574743509293
    },
    "spectral_spread": {
        "dmean": 535414.125,
        "dmean2": 814123.1875,
        "dvar": 515659366400,
        "dvar2": 1.05618387763e+12,
        "max": 42687044,
        "mean": 5986105,
        "median": 5416758,
        "min": 1180399.25,
        "var": 2.15673754092e+13
    },
    "spectral_strongpeak": {
        "dmean": 0.39670971036,
        "dmean2": 0.607408642769,
        "dvar": 1.15544569492,
        "dvar2": 2.2192864418,
        "max": 22.4921703339,
        "mean": 0.911425709724,
        "median": 0.303064882755,
        "min": 0,
        "var": 3.74440693855
    },
    "zerocrossingrate": {
        "dmean": 0.0115489084274,
        "dmean2": 0.0140778683126,
        "dvar": 0.000195516389795,
        "dvar2": 0.000268804695224,
        "max": 0.53271484375,
        "mean": 0.0656813085079,
        "median": 0.05029296875,
        "min": 0,
        "var": 0.0049350024201
    },
    "barkbands": {
        "dmean": [4.14188216382e-05, 0.00227844901383, 0.00115192646626, 0.000476290297229, 0.0011809481075, 0.000804594543297, 0.000406383391237, 0.000312580523314, 0.000436474074377, 0.000451381958555, 0.000181059964234, 0.000202530165552, 0.000318198872264, 0.000188598394743, 0.000107920175651, 0.000311204639729, 0.000127790495753, 5.29822682438e-05, 5.76485435886e-05, 4.7003304644e-05, 7.73243737058e-05, 5.30549077666e-05, 2.483253229e-05, 1.91704257304e-05, 2.42376718234e-05, 2.14550291275e-05, 6.98788198861e-06],
        "dmean2": [7.13846020517e-05, 0.00360374059528, 0.00171329383738, 0.000752922613174, 0.00186589313671, 0.0011435324559, 0.00063150934875, 0.000464169483166, 0.000647610926535, 0.000662277161609, 0.000259983935393, 0.000291510717943, 0.000437771668658, 0.000260644679656, 0.00016148101713, 0.000452848529676, 0.000182847696124, 7.97493412392e-05, 8.9606110123e-05, 7.05372076482e-05, 0.000118916439533, 8.27946059871e-05, 3.79366683774e-05, 2.92068652925e-05, 3.77173128072e-05, 3.138325701e-05, 1.26662862385e-05],
        "dvar": [2.50953524628e-09, 2.7265297831e-05, 1.04191149148e-05, 2.32584034165e-06, 7.35019966669e-06, 4.52786571259e-06, 1.83316285529e-06, 1.113796543e-06, 3.69263693756e-06, 6.83670396029e-06, 9.17778777421e-07, 1.04337505036e-06, 3.13855935019e-06, 1.01499301763e-06, 4.01771103498e-07, 3.47901641362e-06, 6.69195628689e-07, 4.92664646856e-08, 4.33553530854e-08, 2.67626365513e-08, 4.58209115095e-08, 1.92109794739e-08, 3.65075480957e-09, 1.89635285253e-09, 3.54388984825e-09, 3.59527940752e-09, 8.59820326049e-10],
        "dvar2": [7.21847825957e-09, 6.85089471517e-05, 2.08633719012e-05, 5.04472609464e-06, 1.75271070475e-05, 8.68534607434e-06, 4.32068145528e-06, 2.49278605224e-06, 7.46786872696e-06, 1.20574359244e-05, 1.54575525357e-06, 1.8856958377e-06, 4.9160898925e-06, 1.58587329224e-06, 6.68088262046e-07, 6.51149639452e-06, 1.17520073672e-06, 1.08674655053e-07, 9.52324725745e-08, 5.62396280657e-08, 9.72371978492e-08, 4.34701590279e-08, 7.83510767377e-09, 4.12167366903e-09, 8.58990656383e-09, 8.31789481737e-09, 2.40516340178e-09],
        "max": [0.000801043468527, 0.0923145413399, 0.077255025506, 0.0709238275886, 0.0883135050535, 0.0459499582648, 0.032280690968, 0.0409191474319, 0.0489268004894, 0.0587578080595, 0.0276201907545, 0.0354939959943, 0.0722005143762, 0.0478340350091, 0.045600540936, 0.0691149607301, 0.0306906420738, 0.00973495468497, 0.00615395139903, 0.00563557306305, 0.00555658712983, 0.00380005547777, 0.00147638714407, 0.00128821108956, 0.000945290434174, 0.00140623247717, 0.0008043605485],
        "mean": [7.99593472038e-05, 0.00340649764985, 0.00187218782958, 0.000693355221301, 0.00185241701547, 0.00183670734987, 0.000750391860493, 0.000549496966414, 0.000900770362932, 0.000954430666752, 0.000361416809028, 0.000389021966839, 0.000643092091195, 0.000369930960005, 0.000182345145731, 0.000602526706643, 0.000218905101065, 7.86527816672e-05, 9.07251378521e-05, 7.65554505051e-05, 0.00012219180644, 8.4955667262e-05, 4.68596590508e-05, 3.82487560273e-05, 4.85092641611e-05, 3.22503874486e-05, 4.52880112789e-06],
        "median": [6.7210974521e-05, 0.00102242291905, 0.000292825105134, 0.000153635424795, 0.000594173790887, 0.000263897964032, 0.000112121153506, 8.39456915855e-05, 8.75390978763e-05, 4.8144338507e-05, 2.13709627133e-05, 3.2727868529e-05, 1.86958786799e-05, 1.97976514755e-05, 1.46736401803e-05, 2.67872146651e-05, 1.06332026917e-05, 1.80802453542e-05, 3.89058695873e-05, 3.47688728652e-05, 5.94556840952e-05, 4.3974199798e-05, 2.3471100576e-05, 1.81311515917e-05, 1.88248341146e-05, 5.65809205e-06, 5.51992229703e-08],
        "min": [1.22700731749e-25, 1.2480653184e-24, 1.6305730259e-24, 4.32152696414e-25, 5.27803165856e-24, 4.86198010626e-24, 6.47442836261e-24, 6.10066803787e-24, 1.37940091669e-23, 6.51576625177e-24, 7.31840224612e-24, 2.76230122036e-23, 2.03634913243e-23, 2.24879442292e-23, 2.48621962505e-23, 5.09707453997e-23, 6.33570291258e-23, 8.59735955478e-23, 1.42377844469e-22, 1.56844644703e-22, 2.25529072403e-22, 2.40937759936e-22, 3.13016548825e-22, 4.56747990255e-22, 8.44869676082e-22, 1.27861534062e-21, 1.83987606647e-21],
        "var": [3.38692651702e-09, 4.13683737861e-05, 1.95917928068e-05, 4.14146143157e-06, 1.5154673747e-05, 2.12090380955e-05, 4.97610244565e-06, 3.23526865031e-06, 1.18189791465e-05, 2.31061294471e-05, 3.41815643878e-06, 3.29502699969e-06, 1.21571210911e-05, 3.71688361156e-06, 1.29752856992e-06, 1.12702937258e-05, 1.98171164811e-06, 8.54264570194e-08, 5.89914428417e-08, 3.76686379866e-08, 6.4741271899e-08, 2.54486973716e-08, 6.04951511107e-09, 3.56882612351e-09, 6.27920471175e-09, 5.22846566042e-09, 5.31216570732e-10]
    },
    "erbbands": {
        "dmean": [0.0510162040591, 0.575012743473, 1.34055995941, 1.24564695358, 3.09933781624, 3.85289621353, 5.56144237518, 6.40597867966, 6.02471971512, 5.48017454147, 7.19236755371, 7.67800807953, 12.5636863708, 13.1754903793, 5.77146673203, 8.72018718719, 12.5924158096, 9.08398532867, 7.51688241959, 8.54906177521, 15.7889986038, 8.10581970215, 3.28903031349, 2.97229480743, 2.33466768265, 2.16747760773, 3.93834209442, 1.9739215374, 2.23925900459, 0.96176981926, 0.751990258694, 0.425268232822, 0.345757961273, 0.270421892405, 0.184317693114, 0.107353359461, 0.0344736650586, 0.0110349925235, 0.00118324218784, 3.48847170244e-05],
        "dmean2": [0.0785752013326, 0.918059170246, 2.02456068993, 1.86157035828, 5.06514596939, 6.12995576859, 7.97323942184, 9.18106746674, 9.2867937088, 8.34824848175, 10.4172792435, 11.5099830627, 18.6193618774, 19.1253395081, 8.36911201477, 12.1234016418, 17.3903331757, 12.4066429138, 10.9561576843, 12.4011001587, 22.8517742157, 11.8955440521, 4.89403915405, 4.55216360092, 3.55052518845, 3.23271465302, 6.14208889008, 2.93856668472, 3.55269956589, 1.4614815712, 1.16175067425, 0.650067806244, 0.536470293999, 0.43386143446, 0.285549283028, 0.160624146461, 0.0495331659913, 0.0184277351946, 0.00214946037158, 6.09721428191e-05],
        "dvar": [0.0136241037399, 1.70910084248, 12.0839366913, 8.93335723877, 72.4740066528, 69.8899536133, 213.350967407, 472.189178467, 366.085845947, 268.94152832, 585.221862793, 1176.41674805, 3204.09057617, 4925.42773438, 866.471984863, 2219.43579102, 4298.66113281, 1980.61657715, 2241.21899414, 1577.2980957, 9551.08398438, 2774.19726562, 206.144760132, 122.230331421, 85.1800918579, 53.7671318054, 97.804473877, 48.3962554932, 30.9785957336, 7.14745664597, 2.97454833984, 0.965296387672, 0.594477295876, 0.39003905654, 0.230336710811, 0.0821130052209, 0.00960646569729, 0.00161523709539, 2.57340416283e-05, 1.81322192816e-08],
        "dvar2": [0.0327282324433, 4.33598995209, 24.9250392914, 19.5567169189, 179.424041748, 170.19152832, 403.488952637, 924.018127441, 880.990844727, 613.018371582, 1303.48217773, 2414.34423828, 6028.84716797, 8615.53027344, 1485.08996582, 3728.62524414, 6918.78662109, 2859.61547852, 3722.88427734, 2977.15209961, 17423.4785156, 5048.79443359, 454.486968994, 265.424377441, 182.212615967, 113.012504578, 215.672134399, 97.2109680176, 71.6632156372, 15.0153188705, 6.64964580536, 2.06651878357, 1.37009501457, 0.94773119688, 0.566384613514, 0.190036252141, 0.021897431463, 0.00429249741137, 7.24714263924e-05, 5.15002938073e-08],
        "max": [2.06982803345, 22.5913085938, 75.2931594849, 105.729362488, 303.478179932, 195.889022827, 494.645812988, 596.979125977, 582.665405273, 755.878051758, 908.901489258, 1066.1072998, 1571.95141602, 2135.65844727, 947.23236084, 1470.58605957, 2632.78881836, 2630.28808594, 2600.19506836, 2068.04418945, 3760.44482422, 2019.69519043, 697.297180176, 353.266204834, 338.699554443, 250.031494141, 276.070648193, 181.012680054, 147.673919678, 79.5380401611, 38.033405304, 27.7046947479, 17.3922901154, 9.67545413971, 8.90258216858, 6.98854446411, 2.14277672768, 0.987864851952, 0.133869215846, 0.00438588671386],
        "mean": [0.0790808573365, 0.847186684608, 2.17847585678, 2.22063279152, 4.10926151276, 6.10611057281, 12.5102558136, 14.1186552048, 11.6251401901, 10.204621315, 13.6592912674, 16.3511371613, 26.8351631165, 28.0883102417, 11.7932844162, 17.7424526215, 26.592206955, 18.0377521515, 15.2582464218, 15.8782024384, 31.2318191528, 14.8272476196, 5.34542703629, 4.57520198822, 3.68485116959, 3.7186691761, 6.39286708832, 3.025380373, 3.65942049026, 1.56834614277, 1.46201097965, 0.81349247694, 0.688701510429, 0.527726054192, 0.352234452963, 0.184299379587, 0.0484319254756, 0.00912361592054, 0.000781886395998, 3.96664981963e-05],
        "median": [0.017796125263, 0.296542584896, 0.501366972923, 0.702013790607, 1.33531522751, 2.20703744888, 1.76955723763, 2.20009279251, 1.81501531601, 2.05833697319, 2.38809204102, 2.34116077423, 2.51710748672, 1.42815732956, 1.2204862833, 1.42915964127, 0.971007585526, 1.03124785423, 1.03974461555, 1.13020420074, 1.3019746542, 0.727596819401, 0.976281642914, 1.74038827419, 1.46965169907, 1.81519031525, 3.43921518326, 1.22645795345, 1.99395251274, 0.722028672695, 0.740589737892, 0.383783996105, 0.320901930332, 0.220946013927, 0.120992437005, 0.0422479212284, 0.00654797349125, 0.000460054143332, 2.33654336625e-05, 1.44442838064e-05],
        "min": [4.28172021456e-23, 2.88754822452e-22, 2.37548258129e-21, 3.54737496215e-21, 6.51251978622e-21, 1.14817047263e-20, 3.07708279813e-20, 4.84929141113e-20, 7.61590230609e-20, 2.22194050819e-19, 2.22699122131e-19, 3.27980240654e-19, 3.00978066931e-19, 2.90849912414e-19, 5.84386197265e-19, 1.13998899075e-18, 1.26396227147e-18, 1.81105735726e-18, 2.24495908348e-18, 3.03555784024e-18, 2.73155262831e-18, 3.61755736294e-18, 4.67188590761e-18, 7.46397988495e-18, 7.37145063445e-18, 7.05349481469e-18, 8.32979479519e-18, 1.04694934914e-17, 8.83526832391e-18, 9.02363472018e-18, 9.97753692104e-18, 1.07839610905e-17, 7.97045016631e-18, 6.74697642127e-18, 6.1810049705e-18, 4.1759179249e-18, 2.27772329396e-18, 8.96274905722e-19, 2.46285143322e-19, 2.71034241847e-20],
        "var": [0.0235131084919, 2.49671769142, 21.1401386261, 17.6514091492, 96.3137359619, 141.907470703, 1066.87475586, 2002.90795898, 983.106018066, 786.604919434, 1653.73803711, 4110.06787109, 10685.7451172, 16079.8398438, 3053.01928711, 7310.48925781, 17086.5917969, 7437.82373047, 8566.13476562, 4719.06005859, 32985.859375, 8248.64941406, 432.821533203, 173.338775635, 114.182235718, 76.8871765137, 136.651611328, 69.7723083496, 40.8831138611, 10.5196657181, 5.11010599136, 1.73263204098, 1.11314189434, 0.697437882423, 0.3771071136, 0.136260598898, 0.0134887760505, 0.00121636549011, 1.58290567924e-05, 1.19547012289e-08]
    },
    "gfcc": {
        "mean": [-78.8211669922, 83.6268920898, -88.660369873, 38.8595619202, -59.4708061218, 13.6006450653, -33.1455802917, 9.73637580872, -24.9125919342, 9.37104225159, -19.3434238434, 1.79531705379, -8.33420944214],
        "cov": [[25622.6425781, 287.509307861, -2576.40063477, 225.081451416, -1637.11425781, 222.600708008, -1058.00854492, 187.323867798, -624.33795166, 235.236602783, -508.983795166, 102.788772583, -109.57359314], [287.509307861, 2309.07519531, -23.8529014587, -346.975769043, 371.674163818, -73.9471817017, 277.422149658, -146.934875488, 190.763931274, -179.483230591, 71.2415084839, -137.939407349, 1.30446624756], [-2576.40063477, -23.8529014587, 1095.12060547, 246.449310303, 133.024856567, -31.6396369934, 192.078536987, 28.1066894531, -2.39037799835, -17.6739654541, 29.9049663544, -14.3450641632, -8.10466575623], [225.081451416, -346.975769043, 246.449310303, 658.110900879, -61.7348327637, 48.2035980225, -1.05274510384, 84.2989807129, -71.5744094849, 37.9475440979, -25.5399799347, -19.3572101593, -15.1983613968], [-1637.11425781, 371.674163818, 133.024856567, -61.7348327637, 447.02835083, 36.140007019, 172.65322876, -20.4207363129, 152.057754517, -55.2806854248, 33.9542884827, -52.1629219055, -36.2726593018], [222.600708008, -73.9471817017, -31.6396369934, 48.2035980225, 36.140007019, 151.903167725, 22.1604919434, 70.5419464111, 18.7685947418, 38.4473648071, 9.40555000305, 10.5150260925, -1.31516361237], [-1058.00854492, 277.422149658, 192.078536987, -1.05274510384, 172.65322876, 22.1604919434, 188.262817383, 6.43580293655, 68.7512054443, -40.1966781616, 30.6477985382, -28.5066833496, -3.63230705261], [187.323867798, -146.934875488, 28.1066894531, 84.2989807129, -20.4207363129, 70.5419464111, 6.43580293655, 108.431060791, 16.1441116333, 42.1305847168, 0.887629449368, 18.5065002441, 9.76594352722], [-624.33795166, 190.763931274, -2.39037799835, -71.5744094849, 152.057754517, 18.7685947418, 68.7512054443, 16.1441116333, 120.591499329, 7.98566627502, 33.9754180908, -11.606795311, 5.80252218246], [235.236602783, -179.483230591, -17.6739654541, 37.9475440979, -55.2806854248, 38.4473648071, -40.1966781616, 42.1305847168, 7.98566627502, 87.8323440552, 29.2561836243, 35.9810562134, 12.8290472031], [-508.983795166, 71.2415084839, 29.9049663544, -25.5399799347, 33.9542884827, 9.40555000305, 30.6477985382, 0.887629449368, 33.9754180908, 29.2561836243, 80.6494598389, 34.5246696472, 30.7636222839], [102.788772583, -137.939407349, -14.3450641632, -19.3572101593, -52.1629219055, 10.5150260925, -28.5066833496, 18.5065002441, -11.606795311, 35.9810562134, 34.5246696472, 78.6838226318, 42.7883796692], [-109.57359314, 1.30446624756, -8.10466575623, -15.1983613968, -36.2726593018, -1.31516361237, -3.63230705261, 9.76594352722, 5.80252218246, 12.8290472031, 30.7636222839, 42.7883796692, 78.5520782471]],
        "icov": [[0.000117566429253, -0.000215723383008, 0.00020096974913, -9.66813022387e-05, 0.000213859268115, -0.000142002885696, 0.000187098441529, -0.000165862467838, 0.000290706346277, -0.000438400835264, 0.000834383419715, -0.00054594973335, 0.000315993529512], [-0.000215723383008, 0.00118490878958, -0.000270160468062, 0.000354840565706, -0.000221236725338, 0.000186568606296, -0.000906191591639, 0.000817917170934, -0.00126649881713, 0.00193620740902, -0.00256216013804, 0.00229662866332, -0.000992680317722], [0.00020096974913, -0.000270160468062, 0.0017857971834, -0.00051999342395, -0.000150080944877, 0.000955485913437, -0.00162753649056, -0.00087398319738, 0.00191889458802, -0.00162270199507, 0.00125603878405, -0.000944714818615, 0.000494522682857], [-9.66813022387e-05, 0.000354840565706, -0.00051999342395, 0.00238050031476, -0.000703115132637, 0.000268753006821, -0.000287716276944, -0.00172962597571, 0.00223295600154, -0.000853739969898, -0.00101479375735, 0.00273124012165, -0.000968096836004], [0.000213859268115, -0.000221236725338, -0.000150080944877, -0.000703115132637, 0.00740212015808, -0.00307003874332, -0.00127632578369, 0.00303252856247, -0.00832799170166, 0.00414256751537, 0.000502330833115, -0.00227928115055, 0.00406451663002], [-0.000142002885696, 0.000186568606296, 0.000955485913437, 0.000268753006821, -0.00307003874332, 0.0120943998918, -0.00267526833341, -0.0072252121754, 0.00430230982602, -0.00468873046339, -0.000827582320198, 0.00116603076458, -0.000354272197001], [0.000187098441529, -0.000906191591639, -0.00162753649056, -0.000287716276944, -0.00127632578369, -0.00267526833341, 0.0141269899905, -0.00256310356781, -0.00275370222516, 0.0065255924128, -0.00383680453524, 0.00108650245238, 0.000438636925537], [-0.000165862467838, 0.000817917170934, -0.00087398319738, -0.00172962597571, 0.00303252856247, -0.0072252121754, -0.00256310356781, 0.0204851422459, -0.00859336461872, -0.00250521069393, 0.00466208672151, -0.00331009621732, -0.00103459332604], [0.000290706346277, -0.00126649881713, 0.00191889458802, 0.00223295600154, -0.00832799170166, 0.00430230982602, -0.00275370222516, -0.00859336461872, 0.0274996906519, -0.0120990555733, -0.000764215888921, 0.00566141493618, -0.00461586704478], [-0.000438400835264, 0.00193620740902, -0.00162270199507, -0.000853739969898, 0.00414256751537, -0.00468873046339, 0.0065255924128, -0.00250521069393, -0.0120990555733, 0.0317879579961, -0.0148569867015, -0.00233257841319, 0.00426255073398], [0.000834383419715, -0.00256216013804, 0.00125603878405, -0.00101479375735, 0.000502330833115, -0.000827582320198, -0.00383680453524, 0.00466208672151, -0.000764215888921, -0.0148569867015, 0.0330735296011, -0.0143641298637, -0.00204471708275], [-0.00054594973335, 0.00229662866332, -0.000944714818615, 0.00273124012165, -0.00227928115055, 0.00116603076458, 0.00108650245238, -0.00331009621732, 0.00566141493618, -0.00233257841319, -0.0143641298637, 0.0328654237092, -0.013253939338], [0.000315993529512, -0.000992680317722, 0.000494522682857, -0.000968096836004, 0.00406451663002, -0.000354272197001, 0.000438636925537, -0.00103459332604, -0.00461586704478, 0.00426255073398, -0.00204471708275, -0.013253939338, 0.0227364134043]]
    },
    "melbands": {
        "dmean": [0.000573097262532, 0.00069997162791, 0.00025414043921, 0.000276399747236, 0.000172135929461, 0.000143018361996, 9.26859138417e-05, 6.41406440991e-05, 5.73748911847e-05, 5.53442987439e-05, 6.73044123687e-05, 5.91193784203e-05, 2.12575068872e-05, 1.43607276186e-05, 3.89971937693e-05, 2.78338065982e-05, 1.47986283991e-05, 1.35126701934e-05, 8.83307802724e-06, 1.8519212972e-05, 1.80690476554e-05, 8.44230089569e-06, 3.97535086449e-06, 2.67946438726e-06, 2.49584877565e-06, 2.25593271352e-06, 1.46958950609e-06, 1.42775525092e-06, 3.13804457619e-06, 1.45996227729e-06, 1.1073176438e-06, 1.33183493745e-06, 9.43053009905e-07, 4.37344908732e-07, 4.67749060817e-07, 3.37217471724e-07, 2.52184918281e-07, 2.65134701749e-07, 2.19728377715e-07, 2.51093496217e-07],
        "dmean2": [0.000896736688446, 0.00108368310612, 0.00038680632133, 0.000449560466222, 0.000246312032687, 0.00020454103651, 0.000142485529068, 9.64998980635e-05, 8.29556011013e-05, 8.31682264106e-05, 9.95158261503e-05, 8.59653082443e-05, 3.0616105505e-05, 2.10731996049e-05, 5.25880350324e-05, 3.87668587791e-05, 2.03338586289e-05, 1.98215202545e-05, 1.30406197059e-05, 2.72690467682e-05, 2.61023742496e-05, 1.24005200632e-05, 5.92154356127e-06, 4.08692130804e-06, 3.88328953704e-06, 3.56734130946e-06, 2.22883340939e-06, 2.1663984171e-06, 4.91986975248e-06, 2.24404789151e-06, 1.6567411194e-06, 2.13460089071e-06, 1.49155050622e-06, 6.69672090226e-07, 7.32097646505e-07, 5.33417050974e-07, 3.89111932009e-07, 4.1323272626e-07, 3.53648971441e-07, 4.09433283721e-07],
        "dvar": [1.77514993993e-06, 2.37292238126e-06, 4.06173995771e-07, 4.576385777e-07, 1.92600580817e-07, 1.96553429532e-07, 8.2644184829e-08, 3.37747714241e-08, 3.9361538029e-08, 6.72016540193e-08, 9.65201607528e-08, 1.07155216256e-07, 1.42900544731e-08, 3.1075420015e-09, 6.84645868887e-08, 3.7867820879e-08, 5.66411362257e-09, 8.81298412025e-09, 2.30065921869e-09, 1.42813920689e-08, 1.60951341144e-08, 3.22730420166e-09, 5.14804476826e-10, 1.51064785681e-10, 8.47062905929e-11, 6.63598689887e-11, 4.49338517783e-11, 2.0154010405e-11, 4.88937154652e-11, 2.71172216626e-11, 1.47333117928e-11, 1.16153441032e-11, 6.14531255744e-12, 1.54090596619e-12, 1.16572344225e-12, 6.43018678668e-13, 3.31631369501e-13, 3.34935041941e-13, 2.4378139481e-13, 3.47117164656e-13],
        "dvar2": [4.43525732408e-06, 5.25721134181e-06, 8.8550854116e-07, 1.15141324386e-06, 3.55269776264e-07, 3.85317008522e-07, 1.9791360728e-07, 7.7536050469e-08, 8.84824444825e-08, 1.34794035489e-07, 1.79702780656e-07, 1.87160424048e-07, 2.33307861919e-08, 6.01191274541e-09, 1.04675997648e-07, 6.15985342733e-08, 8.39352853887e-09, 1.49594772125e-08, 4.01599820066e-09, 2.8161236898e-08, 2.85385919341e-08, 5.81430059654e-09, 9.85351245042e-10, 3.30646038327e-10, 1.86949664083e-10, 1.49418227791e-10, 1.03599517853e-10, 4.20424597913e-11, 1.0967123043e-10, 5.83754780625e-11, 3.01836854122e-11, 2.73745470736e-11, 1.43966748245e-11, 3.1930313428e-12, 2.6381644265e-12, 1.52370574925e-12, 6.98343021865e-13, 7.80075711058e-13, 5.88708118712e-13, 8.62504512256e-13],
        "max": [0.0232309214771, 0.0282537713647, 0.0240589156747, 0.0228340551257, 0.0168981403112, 0.0114468624815, 0.00775499409065, 0.007867814973, 0.00650571938604, 0.00756551884115, 0.00770826404914, 0.0095174247399, 0.0041623711586, 0.00227578403428, 0.00845129974186, 0.00965865608305, 0.00465986831114, 0.00361226731911, 0.00228199735284, 0.00509228650481, 0.00579183408991, 0.00222878856584, 0.00130707339849, 0.000563092995435, 0.000257582752965, 0.000280248845229, 0.000276119302725, 0.000131781562231, 0.000180963164894, 0.000147953236592, 0.000114161121019, 9.24245832721e-05, 6.55940384604e-05, 3.46517444996e-05, 2.49389358942e-05, 1.52637439896e-05, 1.64082575793e-05, 1.17533236335e-05, 1.15492339319e-05, 1.06074203359e-05],
        "mean": [0.000861200504005, 0.00115585140884, 0.000437932263594, 0.000389897555579, 0.000388137326809, 0.000321301689837, 0.000177397072548, 0.000117119059723, 0.000107661158836, 0.000116201219498, 0.000142724034959, 0.000125377278891, 4.29920946772e-05, 2.66654406005e-05, 7.88450488471e-05, 5.79273873882e-05, 2.73716195807e-05, 2.68991243502e-05, 1.56839323608e-05, 3.36067387252e-05, 3.59181140084e-05, 1.45995982166e-05, 6.62131378704e-06, 3.79247603632e-06, 3.68922133021e-06, 3.55357201443e-06, 1.97459303308e-06, 2.36168943957e-06, 5.08976154379e-06, 1.9452181732e-06, 1.62793276104e-06, 2.13041130337e-06, 1.44317255035e-06, 6.89696776135e-07, 8.94513675576e-07, 5.98070073465e-07, 4.63025486397e-07, 5.11041264417e-07, 4.07412045433e-07, 4.62702615778e-07],
        "median": [0.000232033577049, 0.000394549802877, 0.000151589178131, 0.000133894238388, 7.21680698916e-05, 5.00562200614e-05, 2.59956123045e-05, 2.02171177079e-05, 1.5671372239e-05, 1.25284213937e-05, 1.09314851215e-05, 5.24482493347e-06, 3.14103590426e-06, 3.72767544832e-06, 2.5228814593e-06, 1.75413049419e-06, 1.82198664334e-06, 1.57766453412e-06, 1.09914435598e-06, 2.0300703909e-06, 1.21228572425e-06, 6.12730104876e-07, 9.6774465419e-07, 6.94739753726e-07, 1.43493321048e-06, 1.56696148679e-06, 5.20321464137e-07, 1.11908468625e-06, 2.82812607111e-06, 6.05654634001e-07, 6.31896000414e-07, 1.16299065667e-06, 6.74463308314e-07, 2.86793550686e-07, 4.62706566395e-07, 2.67077297167e-07, 2.08549053582e-07, 2.30494322295e-07, 1.7752594772e-07, 1.80000924388e-07],
        "min": [3.3908850745e-25, 9.30166009299e-25, 5.5986370564e-25, 1.03944424809e-24, 9.98366485822e-25, 1.11685211189e-24, 1.17479729803e-24, 2.1636159045e-24, 1.41417102605e-24, 1.97378717728e-24, 1.25004240105e-24, 1.11089138028e-24, 1.37126557167e-24, 2.80232108071e-24, 2.58443099337e-24, 1.97745518327e-24, 2.40016412997e-24, 2.7322789098e-24, 1.3542130613e-24, 2.96057071982e-24, 2.73547064102e-24, 2.94287223098e-24, 1.91916210947e-24, 3.62961055607e-24, 5.03040309282e-24, 4.98590542131e-24, 4.34545134046e-24, 4.11817972481e-24, 3.70425020834e-24, 5.16660229469e-24, 4.2223870671e-24, 4.35178865454e-24, 3.71861733758e-24, 4.44561616504e-24, 4.60384154668e-24, 4.84193475623e-24, 5.6548914178e-24, 4.94556504677e-24, 5.3024484813e-24, 5.17049887313e-24],
        "var": [2.70693612947e-06, 4.04447519031e-06, 7.6073058608e-07, 6.44780527637e-07, 9.81904236141e-07, 8.49254092827e-07, 2.25288289357e-07, 1.00573210204e-07, 1.05671588813e-07, 2.34768592122e-07, 3.2599939459e-07, 3.5035560586e-07, 5.31063726328e-08, 7.98005839187e-09, 2.42636474468e-07, 1.56175445909e-07, 1.95953617776e-08, 3.36749508278e-08, 7.28353155566e-09, 4.05768361134e-08, 5.79238879084e-08, 9.57272483504e-09, 1.28863730797e-09, 2.41122066758e-10, 1.16414690388e-10, 8.66725718973e-11, 5.23681653597e-11, 2.96813719436e-11, 7.12133546577e-11, 3.49821352441e-11, 2.08426973597e-11, 1.45438348864e-11, 7.76032710315e-12, 2.30328169731e-12, 1.9301376903e-12, 9.81947812992e-13, 5.98448103139e-13, 6.28738218173e-13, 4.20085380327e-13, 5.85620798816e-13]
    },
    "mfcc": {
        "mean": [-720.221862793, 114.607398987, 23.5524234772, 30.7988166809, 1.01867711544, 8.59059429169, 1.71486449242, 0.0287381708622, 3.72023653984, 1.45043492317, 0.0609603002667, -0.288518071175, -0.188295036554],
        "cov": [[10007.5800781, -555.975585938, -551.864501953, -326.287445068, -285.557891846, -241.729034424, -325.705627441, -242.43119812, -82.335357666, -153.874969482, -161.816772461, -66.1050186157, -36.8505363464], [-555.975585938, 2522.03442383, -147.881820679, -62.3615379333, 56.2939147949, 137.00541687, 58.9820861816, 109.759384155, 64.4530563354, 51.0121879578, 59.5254135132, 25.00847435, -58.6222991943], [-551.864501953, -147.881820679, 749.199523926, 258.395782471, 0.573915302753, 13.5017843246, 109.675895691, 27.8235340118, 8.4855556488, 32.5450210571, -0.675328612328, -50.9205245972, 3.20877456665], [-326.287445068, -62.3615379333, 258.395782471, 390.610839844, 77.8477935791, 71.1761474609, 81.8731994629, 49.0017700195, 27.2740116119, 38.1140670776, 22.9611682892, -20.8153686523, -15.1350269318], [-285.557891846, 56.2939147949, 0.573915302753, 77.8477935791, 157.226104736, 67.8839035034, 38.1803436279, 46.243221283, 41.8007011414, 36.1468811035, 36.9280128479, 35.7460212708, 21.4353809357], [-241.729034424, 137.00541687, 13.5017843246, 71.1761474609, 67.8839035034, 102.354934692, 55.8072814941, 42.1001091003, 28.9062232971, 26.2834396362, 29.439163208, 19.9740428925, 4.64986944199], [-325.705627441, 58.9820861816, 109.675895691, 81.8731994629, 38.1803436279, 55.8072814941, 98.6394271851, 57.7712364197, 25.6941432953, 24.7461147308, 18.5550880432, 4.3383769989, 3.96335220337], [-242.43119812, 109.759384155, 27.8235340118, 49.0017700195, 46.243221283, 42.1001091003, 57.7712364197, 87.3640518188, 48.8006477356, 24.7631759644, 19.9048690796, 9.98620700836, 3.90867805481], [-82.335357666, 64.4530563354, 8.4855556488, 27.2740116119, 41.8007011414, 28.9062232971, 25.6941432953, 48.8006477356, 73.3138961792, 39.790271759, 18.2759666443, 12.7138566971, 7.17227315903], [-153.874969482, 51.0121879578, 32.5450210571, 38.1140670776, 36.1468811035, 26.2834396362, 24.7461147308, 24.7631759644, 39.790271759, 67.97315979, 37.7496871948, 12.3142604828, 4.42061471939], [-161.816772461, 59.5254135132, -0.675328612328, 22.9611682892, 36.9280128479, 29.439163208, 18.5550880432, 19.9048690796, 18.2759666443, 37.7496871948, 66.7776870728, 35.9183311462, 7.50962495804], [-66.1050186157, 25.00847435, -50.9205245972, -20.8153686523, 35.7460212708, 19.9740428925, 4.3383769989, 9.98620700836, 12.7138566971, 12.3142604828, 35.9183311462, 71.0443191528, 38.2740058899], [-36.8505363464, -58.6222991943, 3.20877456665, -15.1350269318, 21.4353809357, 4.64986944199, 3.96335220337, 3.90867805481, 7.17227315903, 4.42061471939, 7.50962495804, 38.2740058899, 72.1896438599]],
